2 0.804561 0.664413 0.282371 0.146279
2 0.283422 0.545728 0.196919 0.102677
2 0.863318 0.736185 0.271131 0.0832259
2 0.181389 0.692348 0.31264 0.144611
2 0.727095 0.599177 0.242763 0.137181
2 0.17541 0.585198 0.268078 0.128946
2 0.682944 0.455283 0.178305 0.0899406
2 0.602379 0.4018 0.113168 0.0611259
2 0.7545 0.533035 0.221476 0.0947243
2 0.122295 0.412887 0.0885678 0.0579765
2 0.711572 0.511909 0.167236 0.0604717
2 0.375034 0.42884 0.0929108 0.064179
2 0.708048 0.499227 0.162924 0.0747986
2 0.378289 0.438531 0.0817047 0.0453515
2 0.389927 0.443574 0.055169 0.0359243
2 0.657322 0.412393 0.125251 0.0418968
2 0.376332 0.408164 0.0937554 0.0594134
