2 0.833638 0.707648 0.322106 0.137835
2 0.155838 0.727148 0.310422 0.100436
2 0.751369 0.637421 0.272669 0.143137
2 0.155664 0.621795 0.289423 0.142977
2 0.271933 0.567094 0.217171 0.111523
2 0.762842 0.549827 0.245509 0.0927366
2 0.685634 0.473031 0.176997 0.0991679
2 0.687655 0.457341 0.176195 0.0686042
2 0.713598 0.517883 0.172458 0.0813156
2 0.6141 0.405017 0.119255 0.062007
2 0.663288 0.418855 0.136683 0.0495234
2 0.124739 0.416052 0.110389 0.0621428
2 0.382812 0.447434 0.053251 0.0420057
2 0.660354 0.431369 0.143857 0.0658781
2 0.664337 0.412516 0.129521 0.0360748
2 0.37306 0.406702 0.10452 0.0549379
2 0.496458 0.402126 0.0598134 0.0341112
2 0.370165 0.433994 0.0873998 0.0674897
