2 0.81426 0.677594 0.293752 0.147204
2 0.171608 0.706097 0.320653 0.140422
2 0.733327 0.609283 0.253727 0.135939
2 0.281679 0.550419 0.199651 0.103074
2 0.871392 0.74613 0.257114 0.0641783
2 0.170428 0.59675 0.271957 0.135736
2 0.712967 0.506456 0.165366 0.0763561
2 0.766183 0.538055 0.212321 0.0944907
2 0.117612 0.414497 0.0784246 0.0548679
2 0.683218 0.46102 0.18141 0.0934408
2 0.604209 0.403061 0.116534 0.0623696
2 0.371865 0.43008 0.0934014 0.0643325
2 0.656162 0.423053 0.139274 0.0616875
2 0.375879 0.440772 0.0805712 0.0424427
2 0.489518 0.400259 0.0725264 0.0382442
2 0.660196 0.414632 0.131981 0.0479845
2 0.39027 0.444337 0.0495128 0.035781
2 0.10802 0.421894 0.0604068 0.0419249
