2 0.215006 0.723295 0.376221 0.108399
2 0.855547 0.691215 0.288905 0.149266
2 0.765043 0.611052 0.253728 0.133541
2 0.207543 0.630198 0.269818 0.12814
2 0.211833 0.540234 0.239966 0.0966612
2 0.294048 0.518736 0.187678 0.0922839
2 0.713157 0.560856 0.218113 0.122649
2 0.756258 0.505146 0.191525 0.0811577
2 0.380935 0.420443 0.0897332 0.0621199
2 0.127387 0.409246 0.0738416 0.055081
2 0.68084 0.440147 0.178035 0.0738235
2 0.69887 0.47651 0.145387 0.0616215
2 0.640943 0.409695 0.122563 0.0505146
2 0.593788 0.397786 0.105237 0.0554542
2 0.432411 0.402189 0.0526143 0.0359373
