2 0.245113 0.702112 0.329553 0.149495
2 0.827809 0.65521 0.287256 0.137782
2 0.208378 0.600724 0.267812 0.120977
2 0.747546 0.585923 0.236475 0.124098
2 0.216925 0.515359 0.231233 0.0766071
2 0.673482 0.436206 0.172613 0.0761285
2 0.742899 0.489146 0.201505 0.0735428
2 0.70288 0.538945 0.198772 0.0974937
2 0.311771 0.506524 0.168518 0.0915775
2 0.386165 0.417702 0.0784262 0.0584966
2 0.752671 0.388853 0.0540245 0.0215443
2 0.643194 0.407578 0.105303 0.0471534
2 0.805846 0.380216 0.0435916 0.0209803
2 0.588131 0.398119 0.116618 0.0545083
2 0.391933 0.426772 0.0667935 0.0408268
