2 0.80799 0.667691 0.284616 0.146208
2 0.282978 0.546824 0.198542 0.102476
2 0.180447 0.696166 0.315452 0.14633
2 0.729759 0.602327 0.250266 0.137339
2 0.8671 0.738418 0.264032 0.0780602
2 0.173539 0.588304 0.26774 0.130104
2 0.683417 0.4565 0.178518 0.0916134
2 0.603169 0.402298 0.11374 0.0611664
2 0.710974 0.512049 0.165641 0.062166
2 0.756919 0.535552 0.219181 0.0966324
2 0.119324 0.413224 0.0788513 0.055705
2 0.374368 0.429579 0.093601 0.0639552
2 0.711461 0.500187 0.170118 0.0759914
2 0.379795 0.440623 0.0775121 0.041992
2 0.390291 0.444615 0.0534754 0.034565
2 0.659679 0.419715 0.129241 0.0530496
2 0.665076 0.374904 0.057906 0.0242849
2 0.501626 0.404254 0.0457533 0.0334442
