2 0.287219 0.649253 0.300423 0.142275
2 0.795956 0.607027 0.260422 0.129681
2 0.72148 0.556769 0.219753 0.115429
2 0.664678 0.426253 0.165744 0.0788076
2 0.138957 0.759946 0.273211 0.0399521
2 0.240882 0.501679 0.216424 0.0857613
2 0.224036 0.568614 0.246214 0.11182
2 0.330494 0.490557 0.163034 0.0856157
2 0.142054 0.399684 0.0829543 0.0500965
2 0.232698 0.489936 0.191839 0.061043
2 0.586924 0.400248 0.113844 0.0583675
2 0.720983 0.478302 0.197554 0.0770807
2 0.385696 0.407345 0.0768438 0.0636049
2 0.875519 0.76406 0.248962 0.0305172
2 0.2968 0.491729 0.230211 0.0849375
