2 0.284828 0.650655 0.299442 0.143171
2 0.796723 0.609356 0.262682 0.128138
2 0.72363 0.55862 0.218597 0.113311
2 0.664602 0.426734 0.164449 0.0766438
2 0.223265 0.571548 0.246179 0.114671
2 0.242505 0.502031 0.212166 0.0862973
2 0.330455 0.491851 0.16403 0.0866371
2 0.136645 0.761513 0.267427 0.036257
2 0.14141 0.401047 0.0858384 0.0549228
2 0.385578 0.407205 0.0769406 0.0633396
2 0.233471 0.489979 0.191283 0.0613588
2 0.71991 0.479142 0.197177 0.0781328
2 0.587376 0.399982 0.112322 0.0583515
2 0.877877 0.765993 0.240091 0.0290216
