2 0.229925 0.716621 0.362585 0.122227
2 0.84989 0.679995 0.290154 0.14493
2 0.213247 0.617849 0.271533 0.124916
2 0.758441 0.602511 0.243104 0.127069
2 0.212122 0.532795 0.232054 0.089472
2 0.705239 0.556547 0.216954 0.117668
2 0.296587 0.515356 0.189026 0.09363
2 0.383626 0.419623 0.0872009 0.0605434
2 0.756674 0.500285 0.19026 0.0799366
2 0.638366 0.411421 0.121872 0.0550613
2 0.126898 0.406638 0.0732631 0.0577573
2 0.694727 0.475133 0.151575 0.0630022
2 0.682213 0.44028 0.176345 0.0760876
2 0.762238 0.390184 0.0648748 0.0226443
