2 0.862928 0.730396 0.274144 0.0967742
2 0.797148 0.657925 0.283655 0.148461
2 0.184908 0.682256 0.319399 0.140486
2 0.285121 0.543033 0.194202 0.101036
2 0.72777 0.593013 0.240026 0.132955
2 0.180523 0.582132 0.263705 0.130474
2 0.157643 0.764735 0.281972 0.033978
2 0.597563 0.401519 0.112145 0.0620552
2 0.685349 0.454007 0.174297 0.0924667
2 0.753971 0.523852 0.216568 0.0836303
2 0.374583 0.426255 0.0946074 0.0664235
2 0.70385 0.50291 0.154493 0.0680426
2 0.122885 0.412542 0.0861702 0.0593669
2 0.656409 0.413096 0.121921 0.043743
2 0.702118 0.491157 0.157608 0.0627018
2 0.376224 0.410571 0.0925852 0.0632547
