2 0.160165 0.72455 0.319204 0.104782
2 0.834267 0.705164 0.31076 0.14362
2 0.747231 0.634207 0.270347 0.143971
2 0.160782 0.61961 0.282582 0.143809
2 0.271274 0.563641 0.218101 0.11335
2 0.765686 0.553226 0.235696 0.101508
2 0.685451 0.473404 0.176699 0.0968893
2 0.713713 0.517213 0.173521 0.0826827
2 0.612377 0.404573 0.121176 0.0607363
2 0.122993 0.417034 0.105556 0.0601996
2 0.660014 0.431864 0.144946 0.0630692
2 0.662661 0.419488 0.136278 0.0534111
2 0.382421 0.446901 0.057296 0.0427305
2 0.710406 0.503416 0.178441 0.0585484
2 0.370096 0.433483 0.0905041 0.0686866
2 0.107734 0.41796 0.0732822 0.0578137
2 0.663906 0.413079 0.129151 0.0392687
2 0.372264 0.405664 0.1054 0.0531903
