2 0.861454 0.716741 0.277092 0.119555
2 0.784005 0.639042 0.275989 0.142816
2 0.720926 0.581016 0.223586 0.13013
2 0.199856 0.661368 0.293817 0.134749
2 0.178697 0.748917 0.324661 0.0605949
2 0.287358 0.53319 0.189073 0.0996071
2 0.19255 0.571117 0.2557 0.13209
2 0.759301 0.520838 0.197292 0.0885326
2 0.595916 0.400306 0.109574 0.0609939
2 0.704226 0.486908 0.150637 0.0665434
2 0.682779 0.444112 0.179515 0.0738342
2 0.252966 0.444113 0.250439 0.134439
2 0.375502 0.416395 0.0985627 0.0799453
2 0.650621 0.413966 0.114668 0.0464568
2 0.41209 0.395056 0.0991131 0.0511895
2 0.126853 0.410658 0.0869421 0.0564759
2 0.432277 0.399364 0.0554331 0.0433403
2 0.648716 0.427353 0.113518 0.0549785
