2 0.251476 0.700678 0.338102 0.151541
2 0.826405 0.652992 0.28648 0.137838
2 0.749822 0.584989 0.241225 0.12437
2 0.211371 0.59995 0.261883 0.118408
2 0.672772 0.435934 0.173901 0.0776163
2 0.217904 0.518015 0.223895 0.0827676
2 0.311941 0.505512 0.17017 0.0917071
2 0.741458 0.489712 0.208591 0.0750892
2 0.701781 0.544209 0.199462 0.109451
2 0.38684 0.417118 0.0767322 0.0587257
2 0.58778 0.398289 0.115018 0.0555277
2 0.133735 0.401343 0.0774429 0.0551183
2 0.804504 0.380286 0.043604 0.0204947
2 0.75275 0.388807 0.0536794 0.0210274
2 0.643283 0.408118 0.10545 0.0475464
