2 0.800556 0.615176 0.263306 0.128871
2 0.277744 0.659144 0.309251 0.145805
2 0.725518 0.561916 0.231977 0.116386
2 0.666354 0.426222 0.167417 0.0757493
2 0.328971 0.49347 0.166051 0.0858072
2 0.238684 0.50399 0.21432 0.0857941
2 0.221831 0.578572 0.244705 0.117586
2 0.590433 0.39978 0.117919 0.0589598
2 0.128912 0.766758 0.2532 0.02554
2 0.230247 0.493096 0.193268 0.0615763
2 0.385839 0.408704 0.079665 0.0636857
2 0.140384 0.402177 0.0822213 0.0537832
2 0.385952 0.399914 0.0748406 0.0480499
2 0.72238 0.481574 0.193952 0.0784
2 0.723745 0.467228 0.180762 0.0487977
