2 0.818583 0.684106 0.296887 0.149065
2 0.168597 0.709265 0.324364 0.136447
2 0.281881 0.552656 0.200433 0.103237
2 0.16807 0.597664 0.276756 0.138073
2 0.889377 0.749993 0.220413 0.0586479
2 0.736282 0.614808 0.263534 0.141589
2 0.767304 0.538671 0.211341 0.0926347
2 0.716372 0.509044 0.173492 0.0761539
2 0.684031 0.463201 0.180504 0.0957516
2 0.605519 0.403253 0.11425 0.0626135
2 0.123664 0.414921 0.0940956 0.0574093
2 0.373396 0.43032 0.0903403 0.0642084
2 0.374432 0.439499 0.0836124 0.0458265
2 0.657 0.429914 0.144175 0.0604252
2 0.658939 0.421266 0.134183 0.0566583
2 0.488983 0.399745 0.0742488 0.0396933
2 0.389284 0.443878 0.0512958 0.0379263
2 0.432968 0.401063 0.0447534 0.0379774
2 0.374415 0.401249 0.098164 0.0447441
2 0.10898 0.418391 0.0646809 0.0509128
2 0.247257 0.457111 0.255701 0.1453
