2 0.784054 0.589377 0.245695 0.123464
2 0.292772 0.626426 0.280138 0.135909
2 0.828966 0.741549 0.338074 0.0703845
2 0.17102 0.738541 0.341189 0.0748332
2 0.226077 0.556728 0.231802 0.107555
2 0.708761 0.540716 0.215926 0.116505
2 0.248164 0.495844 0.200065 0.088867
2 0.658752 0.42654 0.15721 0.0784967
2 0.345164 0.481613 0.144279 0.0805687
2 0.717737 0.47187 0.19692 0.0753604
2 0.385005 0.402777 0.0725435 0.055485
2 0.587363 0.401305 0.111528 0.0638883
2 0.248155 0.480556 0.194949 0.0598242
2 0.12614 0.410434 0.0459802 0.0348026
2 0.41195 0.388948 0.109185 0.0528931
2 0.562243 0.403087 0.0673474 0.0585729
