2 0.183186 0.688355 0.315142 0.141929
2 0.862465 0.734127 0.274217 0.088318
2 0.802332 0.662213 0.280633 0.147285
2 0.726695 0.598335 0.239657 0.136679
2 0.284737 0.544738 0.194344 0.100006
2 0.179484 0.583843 0.267453 0.128272
2 0.682909 0.451904 0.178674 0.083672
2 0.600531 0.401705 0.114045 0.0611265
2 0.755554 0.528619 0.217184 0.0875351
2 0.155109 0.76851 0.268108 0.0312925
2 0.375439 0.427263 0.0928752 0.066036
2 0.70502 0.495948 0.156755 0.066681
2 0.707267 0.507751 0.162054 0.0641541
2 0.379052 0.436581 0.0808413 0.0481036
2 0.376821 0.408797 0.0936421 0.0565062
2 0.656673 0.412437 0.124284 0.0427968
