2 0.240574 0.706036 0.353489 0.140932
2 0.832488 0.662552 0.293969 0.141972
2 0.752979 0.590427 0.240893 0.125594
2 0.210589 0.606378 0.271848 0.120625
2 0.214866 0.5163 0.236224 0.0735658
2 0.303603 0.509277 0.183853 0.0920351
2 0.704232 0.549042 0.20033 0.112193
2 0.674299 0.437581 0.17308 0.0769307
2 0.748776 0.489464 0.186091 0.0714596
2 0.385894 0.418799 0.0799562 0.0580494
2 0.13326 0.403674 0.077716 0.0562422
2 0.757206 0.389276 0.0623622 0.0221943
2 0.640592 0.407678 0.111189 0.0472679
2 0.713348 0.531778 0.211832 0.0765416
2 0.74182 0.478748 0.179705 0.0512851
