2 0.85935 0.715958 0.281301 0.120645
2 0.783984 0.638517 0.275649 0.143037
2 0.719717 0.580271 0.220966 0.130254
2 0.199744 0.659681 0.291008 0.135389
2 0.180147 0.748182 0.326164 0.0622505
2 0.288141 0.532667 0.189919 0.0987249
2 0.759812 0.520872 0.196655 0.0900667
2 0.595312 0.400128 0.109652 0.0608454
2 0.195714 0.57141 0.255274 0.133148
2 0.68189 0.443885 0.179872 0.0732691
2 0.706006 0.487828 0.155329 0.0691546
2 0.253079 0.444007 0.247058 0.13396
2 0.373356 0.416716 0.101738 0.0761396
2 0.650746 0.413982 0.115163 0.0455675
2 0.425054 0.39822 0.0714703 0.0446822
2 0.200138 0.551618 0.248991 0.0958567
2 0.128161 0.410461 0.087745 0.0553131
2 0.432508 0.400055 0.0542257 0.0417644
