2 0.838717 0.711358 0.315346 0.133912
2 0.154946 0.731521 0.30705 0.0933436
2 0.27139 0.570317 0.218754 0.110242
2 0.754297 0.641963 0.28439 0.141688
2 0.154238 0.625246 0.287402 0.146497
2 0.68513 0.47438 0.175931 0.0981218
2 0.770132 0.555716 0.235478 0.101569
2 0.715304 0.517799 0.171148 0.0821853
2 0.688387 0.458404 0.177502 0.0676042
2 0.665066 0.417951 0.133019 0.0467705
2 0.615667 0.404746 0.11758 0.061879
2 0.371563 0.406837 0.101151 0.0564035
2 0.123227 0.413901 0.112827 0.0654694
2 0.382781 0.447467 0.0517005 0.0427586
2 0.61798 0.394234 0.108485 0.0409513
2 0.496364 0.401837 0.0582106 0.0348103
2 0.664099 0.428106 0.137324 0.062551
2 0.369789 0.43488 0.0878586 0.0667965
