2 0.252981 0.698432 0.330488 0.152313
2 0.826923 0.65006 0.285765 0.138094
2 0.74896 0.584475 0.238812 0.125232
2 0.211814 0.596745 0.263348 0.113205
2 0.671865 0.435791 0.172857 0.0780319
2 0.221574 0.521153 0.220625 0.0903526
2 0.736956 0.488392 0.198215 0.0725281
2 0.701736 0.546025 0.196992 0.11197
2 0.312072 0.504857 0.170119 0.0899602
2 0.386314 0.416755 0.0770674 0.0589035
2 0.802662 0.38064 0.0433211 0.0197394
2 0.753285 0.388649 0.0537669 0.020002
2 0.133428 0.403186 0.0777322 0.0495135
2 0.589005 0.398906 0.116772 0.0574764
2 0.643068 0.4069 0.105032 0.0463923
