2 0.270937 0.667114 0.322513 0.146483
2 0.802127 0.622333 0.264697 0.133268
2 0.732047 0.565775 0.230738 0.118833
2 0.330335 0.495501 0.159039 0.0871425
2 0.22427 0.583648 0.254734 0.12302
2 0.666155 0.429313 0.16738 0.077215
2 0.23832 0.508287 0.21219 0.0886566
2 0.228284 0.49529 0.189947 0.0615234
2 0.385589 0.409386 0.0794896 0.0641633
2 0.720574 0.521776 0.215226 0.0902037
2 0.732054 0.481063 0.185415 0.0729244
2 0.591972 0.397626 0.112192 0.0551945
2 0.138532 0.402798 0.0827168 0.0611585
2 0.71352 0.505929 0.205336 0.0582849
