2 0.860222 0.708034 0.279556 0.140147
2 0.201686 0.736699 0.384014 0.0834749
2 0.721581 0.571746 0.229321 0.12378
2 0.776078 0.626787 0.270207 0.138641
2 0.292446 0.526294 0.185522 0.0978431
2 0.197822 0.559048 0.256947 0.120673
2 0.203962 0.6457 0.281288 0.135639
2 0.761536 0.512465 0.189729 0.0848
2 0.707763 0.485375 0.164833 0.0705298
2 0.59512 0.399421 0.109379 0.0602533
2 0.680657 0.447779 0.177001 0.0858362
2 0.373953 0.416166 0.102431 0.0726023
2 0.129379 0.408711 0.0841946 0.0548222
2 0.648935 0.409252 0.127876 0.0461732
2 0.254789 0.437623 0.237447 0.125368
