2 0.80841 0.668016 0.284555 0.146495
2 0.283061 0.546669 0.198258 0.10226
2 0.180662 0.695977 0.31535 0.146136
2 0.729638 0.602179 0.248906 0.137115
2 0.867177 0.738795 0.265571 0.078631
2 0.173124 0.588242 0.268408 0.129781
2 0.683328 0.456025 0.179139 0.090867
2 0.60342 0.402443 0.114891 0.0611532
2 0.711659 0.512027 0.167008 0.0623235
2 0.757476 0.537562 0.21916 0.100282
2 0.118593 0.413232 0.0776905 0.0554627
2 0.710098 0.499585 0.16566 0.0766512
2 0.374106 0.429513 0.0938604 0.0640385
2 0.380574 0.440974 0.0756982 0.0412052
2 0.390275 0.444569 0.0533568 0.0346494
2 0.658998 0.419541 0.129553 0.0529617
2 0.501521 0.404183 0.0464013 0.0336769
2 0.664961 0.374686 0.0582886 0.024466
