2 0.239616 0.707362 0.357323 0.13848
2 0.833617 0.664083 0.293106 0.143446
2 0.752208 0.591408 0.238033 0.125712
2 0.212672 0.607566 0.270695 0.122457
2 0.214802 0.516202 0.234564 0.0726908
2 0.704301 0.54942 0.202263 0.112001
2 0.304294 0.50927 0.181568 0.0920942
2 0.745151 0.484684 0.186294 0.0621044
2 0.676362 0.437358 0.171276 0.0758432
2 0.385489 0.418756 0.0805047 0.0583394
2 0.133349 0.405486 0.0794564 0.0548026
2 0.712867 0.532301 0.211508 0.0766148
2 0.641371 0.40736 0.111419 0.0466703
2 0.757649 0.389414 0.0624305 0.0226335
