2 0.288867 0.636639 0.28979 0.141233
2 0.789462 0.598665 0.25081 0.125905
2 0.715298 0.548271 0.216389 0.113563
2 0.166588 0.748422 0.32859 0.0591126
2 0.858196 0.752121 0.281389 0.0515783
2 0.661809 0.426905 0.158117 0.0776319
2 0.244919 0.497269 0.204502 0.0846676
2 0.224513 0.563278 0.233983 0.110587
2 0.334675 0.485955 0.159934 0.0804149
2 0.244453 0.485997 0.192916 0.0616644
2 0.384649 0.40349 0.0738842 0.0558377
2 0.716821 0.47481 0.198984 0.0746601
2 0.588798 0.400983 0.112691 0.0627646
2 0.723942 0.459561 0.166541 0.0432587
2 0.414761 0.391416 0.107635 0.0548017
