2 0.861332 0.708378 0.277337 0.139324
2 0.203981 0.737015 0.382476 0.0824696
2 0.722666 0.572008 0.228637 0.123978
2 0.776235 0.627433 0.269388 0.138237
2 0.291755 0.527449 0.185786 0.0970168
2 0.202004 0.646822 0.283153 0.136783
2 0.197431 0.55986 0.257918 0.12073
2 0.759703 0.511899 0.192219 0.0840899
2 0.706282 0.486208 0.16163 0.0697823
2 0.595397 0.399438 0.112092 0.0599612
2 0.131287 0.408613 0.0867854 0.0559992
2 0.680171 0.447814 0.176588 0.0850126
2 0.372983 0.416019 0.103605 0.0726786
2 0.255177 0.438461 0.240661 0.127016
2 0.649072 0.409696 0.125728 0.0461343
