2 0.817557 0.679284 0.297383 0.14774
2 0.169588 0.707911 0.317301 0.137716
2 0.282032 0.551658 0.199336 0.102534
2 0.733169 0.60991 0.261186 0.137189
2 0.885418 0.747359 0.228256 0.0635525
2 0.16978 0.594953 0.273822 0.137894
2 0.116471 0.413493 0.0770697 0.0564602
2 0.712857 0.506276 0.165231 0.0764185
2 0.767221 0.538232 0.210138 0.0934097
2 0.68306 0.461202 0.181159 0.0933804
2 0.604556 0.40318 0.115599 0.0626256
2 0.371996 0.430242 0.0931154 0.0645488
2 0.374365 0.437635 0.0837925 0.0490143
2 0.655878 0.423102 0.1399 0.0619774
2 0.48933 0.400308 0.0724182 0.0381289
2 0.660032 0.414781 0.132255 0.0482799
2 0.389443 0.443969 0.0512349 0.0369629
2 0.373726 0.401472 0.0964658 0.0453272
2 0.433695 0.400904 0.0447881 0.0380271
