2 0.861536 0.720452 0.276927 0.113167
2 0.791964 0.643742 0.278185 0.140119
2 0.175312 0.752379 0.313906 0.0534384
2 0.723877 0.586282 0.231843 0.128697
2 0.193508 0.666923 0.295501 0.136205
2 0.28646 0.536068 0.192582 0.100916
2 0.188456 0.573472 0.263268 0.131302
2 0.755523 0.5218 0.208454 0.0878836
2 0.596627 0.400547 0.110823 0.0609716
2 0.703422 0.487385 0.152764 0.0701977
2 0.683345 0.446022 0.174904 0.0759197
2 0.374006 0.421061 0.0959378 0.0707013
2 0.650277 0.414166 0.114274 0.0450629
2 0.410327 0.394789 0.103639 0.0522155
2 0.253952 0.445315 0.246836 0.135584
2 0.702587 0.502897 0.156084 0.0639932
2 0.651431 0.431843 0.135008 0.0728122
