2 0.22413 0.718556 0.36712 0.118159
2 0.85217 0.68352 0.292031 0.143359
2 0.762101 0.604641 0.251327 0.129827
2 0.211033 0.53327 0.235713 0.0879698
2 0.208649 0.62304 0.269 0.13054
2 0.293957 0.516918 0.193707 0.092258
2 0.70679 0.558091 0.211535 0.118731
2 0.383365 0.419844 0.0870551 0.0618678
2 0.755115 0.501145 0.193052 0.0778143
2 0.127697 0.407567 0.0745494 0.0558053
2 0.700352 0.477032 0.157825 0.0638562
2 0.639859 0.409895 0.121092 0.0539558
2 0.679426 0.441603 0.175344 0.0780643
2 0.764454 0.389541 0.0660953 0.0230128
