2 0.291459 0.634718 0.292288 0.140944
2 0.787768 0.596633 0.251175 0.125154
2 0.713233 0.547594 0.216166 0.113245
2 0.16477 0.746314 0.328279 0.0616698
2 0.661613 0.427344 0.157453 0.0775814
2 0.854863 0.750241 0.289266 0.0556021
2 0.244735 0.49769 0.212488 0.0877071
2 0.221591 0.562304 0.234297 0.110766
2 0.336436 0.485628 0.157073 0.0800301
2 0.384988 0.40532 0.0741674 0.0594154
2 0.244197 0.486129 0.195272 0.0639317
2 0.715609 0.475158 0.19948 0.0756545
2 0.589301 0.402177 0.111139 0.0644108
2 0.143767 0.398662 0.0830775 0.0513332
2 0.414521 0.391407 0.112983 0.0556248
