2 0.7984 0.613369 0.260745 0.127349
2 0.27857 0.656019 0.297434 0.144944
2 0.724539 0.559916 0.227369 0.115151
2 0.665419 0.426389 0.167609 0.0772335
2 0.222522 0.574915 0.249158 0.115795
2 0.239708 0.499606 0.212078 0.0796309
2 0.329938 0.491684 0.161341 0.0852435
2 0.131096 0.765373 0.259271 0.0289394
2 0.230819 0.49111 0.191331 0.0612418
2 0.588776 0.400099 0.117285 0.0579235
2 0.141637 0.401025 0.0827684 0.0516841
2 0.325676 0.480065 0.161636 0.0620831
2 0.385518 0.408428 0.079688 0.0640986
2 0.385152 0.399872 0.0748388 0.0490183
2 0.72117 0.481451 0.1969 0.079521
