2 0.220966 0.720419 0.374365 0.113644
2 0.853571 0.68684 0.291556 0.147148
2 0.764431 0.606618 0.253946 0.132317
2 0.208735 0.625523 0.269751 0.129556
2 0.209692 0.535016 0.233484 0.0888353
2 0.295791 0.517733 0.189528 0.0923113
2 0.708653 0.560323 0.215937 0.121987
2 0.383097 0.41995 0.0875727 0.0617419
2 0.128835 0.408616 0.0747727 0.0549029
2 0.755714 0.503445 0.189304 0.0804062
2 0.700171 0.475976 0.155841 0.0622179
2 0.640512 0.410391 0.120605 0.0548032
2 0.680346 0.441844 0.172203 0.0786728
2 0.764298 0.389222 0.064286 0.0229538
2 0.640923 0.421029 0.125561 0.0733689
