2 0.289137 0.636804 0.290709 0.141848
2 0.789582 0.598599 0.250618 0.125994
2 0.715706 0.548392 0.215788 0.113362
2 0.166527 0.748415 0.328775 0.0591732
2 0.858247 0.752114 0.281429 0.0515766
2 0.661727 0.427007 0.158248 0.0778919
2 0.224272 0.563211 0.234067 0.110644
2 0.245254 0.497517 0.204414 0.0852474
2 0.334609 0.486026 0.160075 0.0802401
2 0.244542 0.486097 0.193119 0.0620564
2 0.384819 0.404093 0.0740161 0.05678
2 0.716417 0.47473 0.198422 0.0747296
2 0.588466 0.401076 0.112365 0.0623838
2 0.723874 0.459507 0.166382 0.0436077
2 0.414754 0.391419 0.109589 0.054932
2 0.143742 0.399609 0.083401 0.0524732
