2 0.812911 0.634715 0.268372 0.134827
2 0.257686 0.683018 0.318044 0.15092
2 0.737078 0.574231 0.229876 0.119743
2 0.217063 0.590112 0.26248 0.124407
2 0.317992 0.501763 0.17648 0.0861096
2 0.225051 0.516182 0.219099 0.091389
2 0.67116 0.431806 0.170734 0.0735992
2 0.733683 0.483414 0.193565 0.071446
2 0.221915 0.502425 0.202127 0.0648725
2 0.137275 0.402584 0.0818315 0.0559844
2 0.38451 0.410927 0.0818522 0.0653151
2 0.720186 0.539484 0.216787 0.104962
2 0.711962 0.514791 0.200888 0.0626704
2 0.736344 0.472841 0.172702 0.0495472
2 0.79426 0.380314 0.0435732 0.0185822
