2 0.266823 0.674187 0.321738 0.147811
2 0.806926 0.627484 0.267485 0.132658
2 0.734169 0.570353 0.226997 0.119311
2 0.32318 0.497934 0.171162 0.0873989
2 0.668552 0.430085 0.168993 0.0762151
2 0.233106 0.516801 0.211543 0.100257
2 0.217705 0.590623 0.250826 0.132387
2 0.721352 0.530054 0.215399 0.105141
2 0.13836 0.402239 0.0813398 0.0555596
2 0.385168 0.410646 0.0804304 0.0650297
2 0.716942 0.511665 0.208992 0.0657572
2 0.226042 0.499545 0.196847 0.064764
2 0.594341 0.39757 0.109518 0.0561067
2 0.858091 0.380783 0.0437414 0.0198592
2 0.72516 0.472055 0.192975 0.0517889
