2 0.80658 0.666416 0.281322 0.145374
2 0.283036 0.546599 0.198564 0.102994
2 0.7283 0.601783 0.24565 0.136338
2 0.179025 0.696107 0.319516 0.148657
2 0.866365 0.737858 0.265436 0.0793204
2 0.174343 0.587178 0.266388 0.129575
2 0.683382 0.455899 0.177732 0.0906155
2 0.602771 0.402253 0.113397 0.0612212
2 0.756502 0.536388 0.217959 0.0990338
2 0.710606 0.512103 0.165291 0.061836
2 0.374628 0.429626 0.0930062 0.0634251
2 0.708536 0.499484 0.163102 0.0757361
2 0.378686 0.43951 0.0799979 0.0439646
2 0.118213 0.415033 0.0788773 0.0530415
2 0.390045 0.44454 0.0541524 0.0345759
2 0.659789 0.419677 0.128553 0.0531213
2 0.501756 0.404175 0.0455377 0.0335394
2 0.66518 0.375097 0.0572372 0.0239916
