2 0.837374 0.713119 0.315369 0.12993
2 0.15411 0.733725 0.304663 0.0890026
2 0.271011 0.571352 0.21912 0.11151
2 0.153802 0.627269 0.28595 0.146269
2 0.756617 0.643523 0.282074 0.144086
2 0.76815 0.546488 0.230465 0.0810852
2 0.684307 0.474712 0.175715 0.0985933
2 0.687631 0.457883 0.175894 0.0663084
2 0.716945 0.517973 0.171676 0.0812574
2 0.370794 0.407065 0.103032 0.0565371
2 0.125069 0.414638 0.116032 0.0611417
2 0.615704 0.404871 0.117604 0.0617254
2 0.665511 0.418669 0.135722 0.0482884
2 0.618432 0.394047 0.108694 0.0400608
2 0.38169 0.447503 0.0541487 0.0437878
2 0.495668 0.4021 0.0580482 0.034521
2 0.664614 0.428726 0.141295 0.06523
2 0.368796 0.43582 0.088058 0.066625
