2 0.858456 0.713489 0.283087 0.124314
2 0.780394 0.635406 0.277229 0.141685
2 0.201581 0.657982 0.289934 0.136013
2 0.717201 0.577462 0.224235 0.124477
2 0.195623 0.744156 0.35877 0.067351
2 0.288594 0.530946 0.188593 0.0960622
2 0.760587 0.519008 0.193034 0.0919489
2 0.199421 0.561077 0.251048 0.117736
2 0.705653 0.487463 0.154573 0.0677614
2 0.595737 0.400188 0.108604 0.0606895
2 0.681247 0.443491 0.177985 0.076095
2 0.373406 0.416816 0.102118 0.0740897
2 0.126909 0.406807 0.0793025 0.0619027
2 0.253816 0.44206 0.24346 0.131582
2 0.649508 0.412701 0.11364 0.0460363
2 0.431677 0.399521 0.0555535 0.0423824
