2 0.826973 0.694325 0.303143 0.156864
2 0.736703 0.619908 0.269039 0.136748
2 0.165922 0.713938 0.325549 0.125175
2 0.902885 0.757772 0.19423 0.0438854
2 0.277075 0.556338 0.210296 0.105803
2 0.164654 0.607065 0.282412 0.138581
2 0.711864 0.509817 0.164807 0.0773001
2 0.76555 0.543399 0.219377 0.0957973
2 0.683266 0.467529 0.176305 0.0983147
2 0.607087 0.403909 0.116629 0.0618934
2 0.115589 0.416363 0.0795426 0.0570094
2 0.374873 0.443661 0.0804035 0.0420305
2 0.658851 0.423554 0.134007 0.0609963
2 0.373579 0.400543 0.0995373 0.0434635
2 0.389014 0.445352 0.0490665 0.0393164
2 0.246365 0.461815 0.254778 0.152283
2 0.372657 0.431113 0.089154 0.064829
