2 0.25306 0.69843 0.330547 0.152423
2 0.827258 0.650636 0.284429 0.138254
2 0.749204 0.584639 0.238694 0.12553
2 0.212281 0.596864 0.262768 0.113307
2 0.672089 0.435303 0.172337 0.0775247
2 0.221662 0.520778 0.219156 0.0894652
2 0.701621 0.545922 0.197078 0.111741
2 0.737109 0.487956 0.196237 0.0714502
2 0.312332 0.505034 0.170439 0.0903612
2 0.386761 0.416778 0.0766596 0.0591839
2 0.803187 0.380634 0.0432292 0.0198931
2 0.752972 0.38851 0.0536204 0.0200863
2 0.589984 0.3988 0.117845 0.0569091
2 0.133415 0.40311 0.0773222 0.049042
2 0.643103 0.406656 0.105603 0.0462485
