2 0.840501 0.714751 0.314496 0.126825
2 0.153495 0.735429 0.303245 0.0848078
2 0.269368 0.573059 0.222329 0.110503
2 0.755259 0.646704 0.272932 0.144334
2 0.152898 0.629629 0.287151 0.147462
2 0.770251 0.55628 0.234321 0.09667
2 0.684648 0.474791 0.176222 0.0994194
2 0.7167 0.519492 0.16928 0.0800609
2 0.688106 0.45719 0.174912 0.0649336
2 0.615606 0.404908 0.115624 0.0616184
2 0.122879 0.416254 0.112083 0.0611273
2 0.666036 0.418391 0.13492 0.0466526
2 0.368767 0.407644 0.108261 0.0576491
2 0.618572 0.396986 0.108227 0.0456217
2 0.664997 0.429703 0.140207 0.0658655
2 0.366166 0.436518 0.0843689 0.0648993
2 0.495391 0.402279 0.0572768 0.0340155
