2 0.292613 0.628106 0.287015 0.135645
2 0.784505 0.590334 0.244847 0.12405
2 0.169956 0.739783 0.339164 0.0729311
2 0.710641 0.544245 0.214008 0.112
2 0.829444 0.742747 0.337543 0.0673756
2 0.225621 0.55773 0.232728 0.109322
2 0.246115 0.497608 0.205445 0.0891829
2 0.658869 0.42687 0.153592 0.0778429
2 0.342746 0.482761 0.1484 0.0815165
2 0.716324 0.473118 0.200318 0.0754399
2 0.384712 0.403398 0.0729499 0.056226
2 0.589153 0.401308 0.112968 0.0631388
2 0.123943 0.410625 0.0471336 0.0332165
2 0.411731 0.389041 0.108478 0.0535873
