2 0.861464 0.727592 0.277072 0.100771
2 0.794515 0.651184 0.279559 0.146057
2 0.18889 0.676769 0.308531 0.140607
2 0.728514 0.590882 0.241155 0.133005
2 0.28533 0.540684 0.194815 0.101142
2 0.185433 0.580832 0.260909 0.12911
2 0.164177 0.761896 0.296798 0.0381586
2 0.601658 0.401291 0.132779 0.0619171
2 0.685264 0.449257 0.168932 0.0823813
2 0.750849 0.52381 0.220917 0.0868204
2 0.70324 0.500543 0.15333 0.071275
2 0.374018 0.424019 0.0958386 0.070154
2 0.653726 0.411876 0.11947 0.0452874
2 0.124312 0.410996 0.0844958 0.059515
2 0.375766 0.411225 0.0919578 0.0694238
