2 0.178278 0.702145 0.311466 0.144997
2 0.81218 0.673883 0.285574 0.148307
2 0.867423 0.741778 0.265155 0.0733097
2 0.282303 0.548798 0.198523 0.102905
2 0.727351 0.605555 0.262577 0.135016
2 0.173724 0.591879 0.267037 0.130898
2 0.683423 0.456898 0.180216 0.0889841
2 0.603643 0.402674 0.117517 0.0613718
2 0.119056 0.414095 0.0803675 0.0572793
2 0.76099 0.540604 0.215056 0.103097
2 0.708723 0.50918 0.161682 0.0710812
2 0.373246 0.429949 0.0939627 0.063841
2 0.391086 0.445569 0.0502655 0.0333076
2 0.656092 0.430838 0.143044 0.0676294
2 0.4984 0.402173 0.058293 0.0356434
2 0.656089 0.414491 0.129593 0.0442134
