2 0.857782 0.714979 0.284437 0.121605
2 0.782917 0.637831 0.278374 0.142752
2 0.200784 0.6591 0.290326 0.135677
2 0.184274 0.746722 0.338675 0.0651105
2 0.719011 0.579861 0.221363 0.127076
2 0.286844 0.532038 0.19267 0.0973346
2 0.759716 0.520653 0.195377 0.0916508
2 0.196283 0.563282 0.254358 0.119162
2 0.595276 0.399971 0.111277 0.0606311
2 0.705702 0.486486 0.153577 0.0680654
2 0.68168 0.443793 0.179029 0.0746829
2 0.254274 0.443254 0.245336 0.132992
2 0.373327 0.416978 0.101713 0.0750664
2 0.129976 0.40667 0.085025 0.0620375
2 0.650567 0.413554 0.114152 0.0454753
2 0.428325 0.398754 0.0649078 0.0437326
