2 0.245923 0.705086 0.338501 0.144203
2 0.831573 0.659479 0.294137 0.139008
2 0.751026 0.588952 0.236544 0.125046
2 0.211566 0.605615 0.273173 0.122426
2 0.21256 0.51622 0.240765 0.0762438
2 0.310732 0.507635 0.172943 0.0920115
2 0.672266 0.436854 0.174428 0.0753588
2 0.748429 0.49034 0.188635 0.0745098
2 0.703194 0.54768 0.198685 0.111426
2 0.755994 0.388514 0.059589 0.0221434
2 0.385813 0.418271 0.0789576 0.0586073
2 0.132076 0.404862 0.0755663 0.0530934
2 0.641703 0.408372 0.106929 0.0486398
2 0.713481 0.531786 0.210458 0.0793888
2 0.590269 0.396882 0.115434 0.052864
2 0.808105 0.379071 0.0427358 0.0214884
