2 0.861457 0.720447 0.277085 0.113163
2 0.79207 0.643591 0.278539 0.13996
2 0.175059 0.752368 0.313172 0.0535579
2 0.724337 0.586455 0.231836 0.128229
2 0.193518 0.667302 0.296078 0.13704
2 0.286581 0.536243 0.191694 0.101003
2 0.188741 0.572227 0.262571 0.128622
2 0.754899 0.521491 0.210034 0.0875891
2 0.596697 0.400623 0.110764 0.0611571
2 0.683123 0.445943 0.174628 0.0757347
2 0.703077 0.487485 0.153019 0.0701662
2 0.373894 0.421413 0.0960415 0.0703227
2 0.413333 0.396011 0.0976885 0.0498539
2 0.650187 0.414325 0.114344 0.0443851
2 0.25375 0.445347 0.246779 0.135437
2 0.702394 0.503346 0.156139 0.0639507
2 0.651497 0.431941 0.136049 0.0729311
