2 0.86239 0.728253 0.275221 0.100015
2 0.794852 0.652302 0.280773 0.145822
2 0.187491 0.678099 0.311248 0.14049
2 0.728427 0.591304 0.237443 0.132299
2 0.285325 0.541144 0.195419 0.101974
2 0.184917 0.581502 0.261736 0.130699
2 0.162706 0.762739 0.295091 0.0374521
2 0.600985 0.401305 0.132433 0.0618795
2 0.751633 0.52353 0.220455 0.0857084
2 0.70305 0.501352 0.153002 0.0714129
2 0.686562 0.450142 0.170807 0.0843834
2 0.374036 0.424636 0.0954145 0.069296
2 0.654123 0.412235 0.120417 0.0449668
2 0.125577 0.408283 0.0878156 0.0651342
2 0.375891 0.411157 0.0918336 0.0685217
