2 0.292095 0.628352 0.28666 0.135988
2 0.785469 0.590881 0.245276 0.123644
2 0.71193 0.544557 0.211886 0.112471
2 0.829915 0.743982 0.334783 0.0653607
2 0.167607 0.740466 0.333789 0.0700646
2 0.22406 0.558328 0.229873 0.110176
2 0.247217 0.49766 0.209419 0.0887148
2 0.658629 0.426467 0.153812 0.0785875
2 0.345432 0.483108 0.144536 0.0821041
2 0.715857 0.473672 0.198913 0.0764606
2 0.384947 0.403738 0.0730756 0.0563289
2 0.58868 0.401081 0.113282 0.0630993
2 0.125448 0.410116 0.047058 0.0325722
2 0.411648 0.38898 0.108174 0.0533487
