2 0.178471 0.702226 0.310889 0.145109
2 0.812369 0.673876 0.285306 0.148353
2 0.867578 0.741669 0.264844 0.0734051
2 0.282452 0.548823 0.198543 0.102999
2 0.726658 0.605462 0.263155 0.134857
2 0.174364 0.591501 0.265505 0.130152
2 0.683203 0.457183 0.180609 0.0898354
2 0.603575 0.40264 0.117302 0.0615914
2 0.119496 0.414094 0.0807654 0.0572081
2 0.760925 0.540864 0.214814 0.103703
2 0.708724 0.509099 0.161636 0.0714266
2 0.373239 0.430021 0.094073 0.0641956
2 0.38411 0.443023 0.0669684 0.0378645
2 0.655093 0.420874 0.136332 0.057447
2 0.390848 0.445336 0.0509532 0.0341364
2 0.498731 0.402092 0.0574222 0.0356737
2 0.665243 0.375167 0.0571335 0.0243774
2 0.966313 0.380852 0.0673735 0.0241871
