2 0.808849 0.630015 0.269364 0.132288
2 0.265086 0.677121 0.319296 0.149234
2 0.735806 0.570506 0.226795 0.119418
2 0.321369 0.499187 0.173484 0.0867772
2 0.668711 0.42995 0.169465 0.0756839
2 0.217605 0.59031 0.252924 0.130434
2 0.23267 0.516134 0.210644 0.0988855
2 0.136399 0.403135 0.081902 0.0572391
2 0.718146 0.530761 0.209536 0.104133
2 0.714542 0.512348 0.203112 0.065093
2 0.733361 0.481362 0.194296 0.0711315
2 0.38465 0.4109 0.0817463 0.0655443
2 0.594308 0.397161 0.111414 0.0551356
2 0.225449 0.500412 0.198062 0.0652637
