2 0.861555 0.719954 0.27689 0.114255
2 0.791862 0.643314 0.278767 0.138925
2 0.177899 0.751503 0.317438 0.0546278
2 0.72254 0.585616 0.233478 0.127698
2 0.287034 0.535987 0.191426 0.101878
2 0.194515 0.665898 0.297227 0.136419
2 0.193093 0.567652 0.255917 0.121013
2 0.755641 0.52145 0.207795 0.0873667
2 0.596394 0.400423 0.109541 0.060811
2 0.682769 0.445735 0.175396 0.0753048
2 0.704051 0.48708 0.152287 0.0711035
2 0.374402 0.420974 0.0955887 0.0706274
2 0.253655 0.445103 0.248728 0.135133
2 0.650232 0.414619 0.114417 0.0444473
2 0.412337 0.395831 0.0992584 0.0499624
2 0.132653 0.411869 0.101188 0.057836
2 0.234073 0.559063 0.17791 0.107378
2 0.651537 0.431669 0.134706 0.0721331
