2 0.283912 0.651485 0.296286 0.142056
2 0.796502 0.609997 0.259558 0.126102
2 0.722776 0.559107 0.219013 0.113159
2 0.664802 0.426718 0.165713 0.0767361
2 0.223796 0.572628 0.247194 0.115593
2 0.241922 0.502755 0.212464 0.0867972
2 0.330443 0.491777 0.164711 0.0865143
2 0.135183 0.76211 0.265774 0.034624
2 0.141338 0.40117 0.0853677 0.0540288
2 0.232516 0.490595 0.191625 0.0620049
2 0.385376 0.406605 0.0768107 0.0621248
2 0.587117 0.399884 0.112698 0.0589621
2 0.719731 0.480077 0.200666 0.0793657
