2 0.861552 0.727609 0.276896 0.100733
2 0.794374 0.651289 0.279475 0.146094
2 0.188496 0.677261 0.309265 0.140869
2 0.728645 0.590736 0.241058 0.132669
2 0.285338 0.540727 0.194721 0.101213
2 0.185299 0.58077 0.261163 0.129008
2 0.16399 0.76191 0.296815 0.0381705
2 0.601354 0.401211 0.132922 0.0620103
2 0.68526 0.450426 0.169767 0.0849351
2 0.750785 0.522155 0.220619 0.0835643
2 0.703107 0.500914 0.153596 0.070734
2 0.373646 0.423479 0.0964596 0.0712399
2 0.124137 0.410799 0.0849674 0.0599283
2 0.653264 0.412467 0.120007 0.0445179
2 0.407887 0.391765 0.106491 0.0579484
2 0.375806 0.412109 0.0917083 0.0710539
2 0.653835 0.431441 0.144357 0.0731864
