2 0.264428 0.669156 0.3132 0.146428
2 0.803295 0.623905 0.265497 0.132106
2 0.731118 0.566999 0.232717 0.118215
2 0.328634 0.496134 0.160489 0.0855696
2 0.667229 0.430115 0.168055 0.0779961
2 0.236528 0.511238 0.207715 0.0922201
2 0.223978 0.585742 0.254793 0.126078
2 0.227688 0.496818 0.186892 0.063645
2 0.731797 0.481312 0.185733 0.0723999
2 0.591486 0.39809 0.108246 0.0565787
2 0.720836 0.52188 0.216825 0.0889492
2 0.385689 0.410085 0.0798268 0.0641866
2 0.224193 0.557658 0.250347 0.0735537
2 0.138154 0.406893 0.0823586 0.071172
