2 0.829127 0.655748 0.293913 0.138393
2 0.245448 0.702997 0.333803 0.148842
2 0.208392 0.602578 0.26692 0.121042
2 0.747211 0.585937 0.235031 0.123709
2 0.216025 0.51524 0.231181 0.0757829
2 0.74393 0.489475 0.196342 0.0739896
2 0.674353 0.436876 0.172149 0.0762651
2 0.7031 0.540404 0.199207 0.100024
2 0.312212 0.506711 0.168184 0.0908507
2 0.385754 0.417778 0.0790142 0.0587301
2 0.753048 0.388853 0.0543077 0.0216627
2 0.643541 0.40762 0.104594 0.0470081
2 0.805903 0.380116 0.0434519 0.0207219
2 0.587883 0.397909 0.116911 0.0542637
2 0.391597 0.426419 0.0672716 0.0417925
