2 0.225108 0.719738 0.36802 0.115165
2 0.853127 0.685419 0.291501 0.143715
2 0.764433 0.606011 0.255268 0.13175
2 0.20966 0.625104 0.270905 0.131141
2 0.210077 0.533457 0.234402 0.086493
2 0.295013 0.517748 0.191537 0.0922708
2 0.708233 0.559651 0.214721 0.121243
2 0.383293 0.419841 0.0869968 0.0618709
2 0.75499 0.502674 0.190646 0.0795925
2 0.129055 0.409027 0.0748289 0.054348
2 0.700823 0.476025 0.157871 0.0637681
2 0.639792 0.410473 0.120961 0.0550708
2 0.679578 0.440833 0.173054 0.0765384
2 0.763285 0.389127 0.0631182 0.0230183
2 0.640404 0.421218 0.124807 0.0741215
