2 0.827065 0.694253 0.303407 0.156789
2 0.736653 0.619886 0.269045 0.136737
2 0.165287 0.713886 0.326398 0.125487
2 0.902902 0.757759 0.194195 0.0438979
2 0.277222 0.556528 0.209963 0.10592
2 0.164471 0.607187 0.282357 0.138823
2 0.711824 0.509686 0.164823 0.0775316
2 0.765314 0.542938 0.21902 0.0950377
2 0.683426 0.467327 0.176161 0.0981838
2 0.606997 0.40388 0.117176 0.0619021
2 0.115537 0.416355 0.0797005 0.0570785
2 0.374015 0.443283 0.082468 0.04319
2 0.65874 0.423628 0.133968 0.0609383
2 0.388668 0.445278 0.0500256 0.039917
2 0.373649 0.40061 0.0992967 0.0439136
2 0.106367 0.424286 0.0622191 0.0413342
2 0.246361 0.461673 0.25466 0.15227
2 0.372967 0.431149 0.0889245 0.0649392
