2 0.783851 0.588427 0.246261 0.122201
2 0.294487 0.624575 0.278297 0.134929
2 0.171977 0.737746 0.341248 0.078171
2 0.828345 0.74014 0.339359 0.0740517
2 0.225663 0.55591 0.22827 0.106782
2 0.708712 0.540941 0.212543 0.113864
2 0.250013 0.495418 0.199781 0.0876951
2 0.658763 0.426098 0.158247 0.0781107
2 0.3438 0.481647 0.148714 0.0800144
2 0.717223 0.471473 0.198304 0.0747797
2 0.384618 0.402942 0.0731559 0.0550115
2 0.587356 0.401385 0.111077 0.0639975
2 0.126859 0.410094 0.0470536 0.0342875
2 0.249073 0.479155 0.190187 0.056274
2 0.413608 0.390669 0.114162 0.0539269
