2 0.809069 0.670637 0.284067 0.148465
2 0.283254 0.547447 0.197922 0.102119
2 0.179637 0.700055 0.312016 0.147511
2 0.869012 0.740092 0.261975 0.0773455
2 0.731282 0.604421 0.246876 0.135107
2 0.172982 0.590068 0.267455 0.132348
2 0.682627 0.454695 0.180344 0.0881519
2 0.603274 0.402604 0.115926 0.0611137
2 0.118385 0.413732 0.0782597 0.0554035
2 0.759151 0.539537 0.217326 0.102612
2 0.709866 0.51096 0.162955 0.0662164
2 0.710739 0.499228 0.168082 0.0771811
2 0.373345 0.42965 0.0943029 0.0643689
2 0.500857 0.404081 0.0475345 0.0337874
2 0.380287 0.441194 0.0749207 0.0412258
2 0.656181 0.419398 0.134174 0.0547894
2 0.390236 0.444947 0.0520604 0.0345036
2 0.664779 0.374728 0.0584906 0.0247404
2 0.656437 0.429029 0.141992 0.0662706
