2 0.85801 0.70486 0.283148 0.143981
2 0.203312 0.733271 0.384738 0.0873068
2 0.767516 0.622662 0.275938 0.134048
2 0.205736 0.641438 0.281545 0.131418
2 0.719155 0.567609 0.22327 0.122189
2 0.20857 0.552731 0.234529 0.109816
2 0.293381 0.525304 0.181113 0.0975758
2 0.754804 0.510617 0.198641 0.0837088
2 0.680458 0.449352 0.176152 0.0946661
2 0.594102 0.398318 0.113543 0.0579424
2 0.374485 0.41912 0.101619 0.0657472
2 0.713353 0.487486 0.177606 0.0652752
2 0.13025 0.408931 0.0833119 0.0563075
2 0.645551 0.409493 0.127737 0.0486426
2 0.249518 0.43684 0.232896 0.125994
