2 0.855609 0.700471 0.288783 0.147732
2 0.207719 0.728614 0.388567 0.0988589
2 0.765688 0.617364 0.25636 0.133002
2 0.207419 0.635833 0.276574 0.132166
2 0.294042 0.521519 0.183953 0.0948214
2 0.720157 0.564348 0.230096 0.123264
2 0.211516 0.539407 0.234797 0.088081
2 0.750254 0.50361 0.195363 0.0763441
2 0.380545 0.419813 0.0920186 0.0632117
2 0.680581 0.441087 0.176665 0.0772972
2 0.127742 0.40806 0.0778269 0.055514
2 0.642646 0.410397 0.126892 0.0506149
2 0.710951 0.489557 0.175718 0.0607948
