2 0.858507 0.71347 0.282987 0.124341
2 0.780259 0.635405 0.277193 0.141658
2 0.201749 0.657736 0.290174 0.135611
2 0.194799 0.744161 0.356867 0.0673427
2 0.717316 0.577457 0.224215 0.124366
2 0.28881 0.531202 0.189095 0.0964623
2 0.760542 0.518896 0.193288 0.0918834
2 0.19748 0.562039 0.254813 0.118578
2 0.705586 0.487389 0.154361 0.0678719
2 0.595792 0.400138 0.108562 0.0608557
2 0.681036 0.443504 0.178104 0.0757044
2 0.373431 0.41687 0.102287 0.0745309
2 0.124613 0.407873 0.081948 0.0619003
2 0.25397 0.44211 0.243754 0.131499
2 0.649043 0.412703 0.114461 0.0463799
2 0.431441 0.399493 0.0559313 0.0425531
