2 0.799334 0.614251 0.26023 0.128111
2 0.279141 0.656961 0.304991 0.146013
2 0.723938 0.56045 0.228792 0.115435
2 0.665023 0.426635 0.167963 0.0750866
2 0.222593 0.575439 0.245648 0.114198
2 0.239396 0.501713 0.214991 0.0826216
2 0.329749 0.492102 0.163548 0.0844601
2 0.591271 0.399924 0.123518 0.0577499
2 0.130695 0.765815 0.25882 0.0280865
2 0.225099 0.553296 0.243742 0.0714018
2 0.231297 0.492255 0.193833 0.0616665
2 0.140962 0.40108 0.083492 0.0526291
2 0.385663 0.408572 0.0804057 0.0629625
2 0.385424 0.398875 0.0753384 0.0475501
2 0.719907 0.481748 0.194795 0.0790821
2 0.321745 0.479241 0.165449 0.0615458
2 0.715162 0.501184 0.200349 0.0544845
