2 0.257527 0.687291 0.320916 0.150303
2 0.815472 0.640377 0.272752 0.135732
2 0.742089 0.577306 0.228267 0.123814
2 0.215824 0.590981 0.258668 0.116911
2 0.226137 0.51641 0.213447 0.0891371
2 0.315822 0.503171 0.175913 0.0878289
2 0.672075 0.434432 0.170789 0.0762152
2 0.736371 0.4849 0.192096 0.0700579
2 0.222383 0.504615 0.199151 0.0656175
2 0.704981 0.539586 0.19405 0.108098
2 0.135038 0.401965 0.0786255 0.0548382
2 0.796843 0.380081 0.041784 0.0173087
2 0.714458 0.521495 0.212576 0.0743729
2 0.384226 0.412255 0.0817663 0.0658764
2 0.868826 0.379482 0.0414173 0.0197061
2 0.749077 0.389396 0.050355 0.020703
