2 0.824898 0.691702 0.304357 0.150641
2 0.736208 0.619226 0.2734 0.13951
2 0.165985 0.712952 0.325263 0.128119
2 0.167506 0.604686 0.277067 0.136681
2 0.900872 0.75588 0.198118 0.0471083
2 0.278392 0.554708 0.211428 0.103212
2 0.711656 0.508129 0.164747 0.0769707
2 0.769427 0.540757 0.207406 0.0929333
2 0.683305 0.467313 0.176178 0.0985284
2 0.12178 0.41522 0.0931968 0.0584991
2 0.607142 0.403668 0.115051 0.0623391
2 0.375695 0.443667 0.0793477 0.041469
2 0.659506 0.423302 0.132034 0.060088
2 0.38957 0.445307 0.0482946 0.0388083
2 0.654952 0.432653 0.14054 0.0575647
2 0.246748 0.461452 0.255169 0.151865
2 0.373781 0.400447 0.0983636 0.0425524
2 0.371474 0.431368 0.0937965 0.0661776
2 0.434397 0.400966 0.0440857 0.0379817
2 0.489545 0.399167 0.0723493 0.0409806
