2 0.291929 0.633922 0.291142 0.140053
2 0.786854 0.595297 0.251453 0.124023
2 0.714977 0.546651 0.219524 0.113456
2 0.164489 0.744641 0.326632 0.0635294
2 0.661267 0.427059 0.155783 0.0780758
2 0.842154 0.748847 0.315416 0.0586536
2 0.222969 0.56159 0.231258 0.109873
2 0.247606 0.499359 0.208683 0.0905831
2 0.335504 0.484833 0.159035 0.0803242
2 0.384739 0.404916 0.074479 0.0581483
2 0.247583 0.486985 0.197453 0.0656784
2 0.716675 0.474693 0.198715 0.075395
2 0.143896 0.398493 0.083815 0.0565487
2 0.591256 0.401919 0.10746 0.0646696
2 0.41558 0.391754 0.108013 0.0548542
