2 0.250142 0.692318 0.327558 0.151436
2 0.82038 0.645524 0.275966 0.13758
2 0.213229 0.593618 0.273315 0.119058
2 0.745889 0.580846 0.236286 0.124461
2 0.225363 0.513027 0.208521 0.0763548
2 0.671185 0.434341 0.17277 0.0764281
2 0.730172 0.485721 0.202266 0.0698294
2 0.313701 0.503669 0.174484 0.0896957
2 0.70154 0.54031 0.196831 0.109227
2 0.385756 0.41582 0.0786722 0.0613338
2 0.800438 0.380573 0.0438619 0.0193767
2 0.751438 0.388484 0.0525745 0.0204197
2 0.135309 0.40086 0.0801012 0.0578249
2 0.642021 0.407751 0.107634 0.0450477
