2 0.857786 0.714998 0.284429 0.121635
2 0.78275 0.63782 0.277959 0.142694
2 0.200714 0.659064 0.290338 0.135642
2 0.184226 0.746735 0.337113 0.0651003
2 0.719167 0.579765 0.221276 0.127088
2 0.28702 0.532174 0.192318 0.0974807
2 0.196249 0.563484 0.25403 0.119571
2 0.760268 0.520771 0.194369 0.0915036
2 0.595129 0.399983 0.110575 0.0605768
2 0.70557 0.486924 0.153776 0.0682945
2 0.681282 0.44348 0.179219 0.0747005
2 0.254178 0.443273 0.244834 0.133196
2 0.3733 0.416938 0.102083 0.0750794
2 0.130043 0.406472 0.0853243 0.0624908
2 0.650343 0.413231 0.113713 0.0463077
2 0.431221 0.399162 0.0586622 0.0428129
