2 0.156253 0.727267 0.309858 0.0998653
2 0.833732 0.707646 0.322064 0.137813
2 0.751176 0.637459 0.271498 0.142984
2 0.155804 0.621766 0.289512 0.142906
2 0.271915 0.567038 0.217156 0.111511
2 0.766945 0.549511 0.237697 0.0938265
2 0.685769 0.472919 0.176713 0.0983234
2 0.68767 0.458232 0.175952 0.0701118
2 0.713475 0.517982 0.172375 0.0814885
2 0.614054 0.404918 0.119119 0.0616433
2 0.663248 0.418703 0.136004 0.049865
2 0.124133 0.416088 0.108679 0.0619071
2 0.38262 0.447307 0.0541645 0.0423668
2 0.660345 0.431351 0.143018 0.0658277
2 0.373116 0.406658 0.104645 0.0547981
2 0.49707 0.402024 0.0592517 0.0341248
2 0.370204 0.434096 0.0874578 0.0676203
