2 0.840439 0.714753 0.314657 0.126828
2 0.153504 0.735395 0.303275 0.0848032
2 0.269471 0.573058 0.222173 0.110611
2 0.153057 0.629695 0.287043 0.147912
2 0.753624 0.646789 0.276305 0.14447
2 0.770446 0.557274 0.234907 0.0988707
2 0.684585 0.474557 0.175946 0.0996113
2 0.716884 0.519394 0.169171 0.0801378
2 0.688312 0.456846 0.174427 0.0648136
2 0.615255 0.405007 0.115502 0.0616721
2 0.66593 0.418783 0.134557 0.0479985
2 0.124676 0.413906 0.112517 0.0624919
2 0.369437 0.407645 0.106035 0.0576643
2 0.618042 0.396734 0.108633 0.0453359
2 0.366142 0.436096 0.0847166 0.0656383
2 0.664666 0.429412 0.139864 0.0659105
2 0.495334 0.402204 0.0577349 0.0343903
