2 0.825069 0.689749 0.302546 0.14798
2 0.733879 0.61747 0.274084 0.138293
2 0.17094 0.711662 0.327681 0.128267
2 0.897383 0.754181 0.205235 0.0509546
2 0.167374 0.604039 0.277631 0.136594
2 0.279395 0.553606 0.207397 0.103397
2 0.712855 0.508525 0.169351 0.0800098
2 0.683271 0.467077 0.176418 0.0976765
2 0.768712 0.537849 0.207906 0.0886988
2 0.116693 0.416349 0.0814171 0.0562967
2 0.607138 0.403664 0.115198 0.0620903
2 0.374548 0.442261 0.0822259 0.043071
2 0.371495 0.431095 0.0934279 0.0656124
2 0.658497 0.430874 0.137818 0.0548073
2 0.247711 0.459917 0.256124 0.149563
2 0.374061 0.400396 0.0986281 0.0424477
2 0.389564 0.445157 0.0487868 0.038036
2 0.660092 0.422335 0.129493 0.0573878
2 0.48992 0.400051 0.0728953 0.0395735
2 0.434051 0.401066 0.0436378 0.0378381
