2 0.161636 0.723663 0.321584 0.105264
2 0.834292 0.704337 0.31201 0.144413
2 0.744903 0.633377 0.268498 0.143887
2 0.16212 0.618477 0.280189 0.142761
2 0.271882 0.563002 0.217391 0.112746
2 0.765125 0.553158 0.234818 0.101724
2 0.685523 0.473464 0.176739 0.0970432
2 0.713912 0.517052 0.173335 0.0818556
2 0.611346 0.404106 0.121047 0.0602146
2 0.687677 0.459287 0.175178 0.0706961
2 0.122691 0.417067 0.102404 0.0607048
2 0.662201 0.418855 0.137481 0.0528373
2 0.659736 0.431448 0.144345 0.0624336
2 0.382721 0.446704 0.058315 0.0426724
2 0.710406 0.504246 0.177499 0.0603558
2 0.37146 0.433574 0.0890923 0.0681814
2 0.372608 0.404557 0.104406 0.0513018
2 0.663617 0.412512 0.130708 0.0385772
