2 0.859697 0.723859 0.280605 0.106163
2 0.791713 0.648678 0.2733 0.14374
2 0.191883 0.672609 0.305957 0.138533
2 0.725948 0.588925 0.239767 0.130032
2 0.167344 0.757196 0.302529 0.045365
2 0.286016 0.53866 0.193479 0.100892
2 0.190962 0.571091 0.25489 0.116139
2 0.753612 0.524231 0.214544 0.0919027
2 0.596386 0.400866 0.11033 0.0609865
2 0.685983 0.449562 0.174345 0.0853815
2 0.37371 0.422231 0.0966329 0.0698503
2 0.704212 0.496401 0.158561 0.0723082
2 0.652704 0.431898 0.142017 0.0740429
2 0.652691 0.417589 0.126668 0.0550741
2 0.408359 0.392833 0.106092 0.0556465
2 0.126368 0.409164 0.0872247 0.0620363
