2 0.859339 0.715937 0.281321 0.120636
2 0.783879 0.638634 0.275715 0.142765
2 0.720181 0.580433 0.220498 0.130145
2 0.199798 0.659807 0.291108 0.135451
2 0.179732 0.748256 0.329051 0.0625902
2 0.287288 0.533101 0.192032 0.0983217
2 0.595333 0.400202 0.109851 0.0610432
2 0.759373 0.52057 0.197225 0.0899551
2 0.195594 0.570917 0.254725 0.132228
2 0.68147 0.443821 0.180855 0.0737348
2 0.706137 0.487787 0.154982 0.068996
2 0.373448 0.416644 0.101498 0.0762262
2 0.252992 0.444096 0.249359 0.134199
2 0.650519 0.413717 0.114843 0.0456543
2 0.426649 0.398544 0.0677641 0.0439968
2 0.127747 0.410652 0.0865752 0.0554571
