2 0.842474 0.716799 0.312133 0.124452
2 0.266931 0.57472 0.227927 0.11174
2 0.15231 0.737894 0.301583 0.0769957
2 0.150833 0.633543 0.287722 0.149095
2 0.758194 0.651512 0.275888 0.147672
2 0.772016 0.556197 0.2321 0.0957592
2 0.684812 0.475445 0.176939 0.101629
2 0.719455 0.519851 0.156181 0.0820055
2 0.121258 0.417487 0.115819 0.0608439
2 0.367902 0.408253 0.112029 0.0584615
2 0.617094 0.404851 0.119147 0.0605601
2 0.688073 0.45791 0.174602 0.06788
2 0.666556 0.417403 0.134259 0.0434096
2 0.493811 0.402114 0.0585341 0.0343604
2 0.381963 0.450955 0.0505056 0.0403119
