2 0.859676 0.710245 0.280649 0.131708
2 0.207029 0.739615 0.364815 0.0764291
2 0.779009 0.630773 0.270445 0.138086
2 0.720838 0.574575 0.223819 0.126146
2 0.291554 0.528981 0.184877 0.0957563
2 0.201147 0.650989 0.285551 0.136325
2 0.704981 0.487145 0.15666 0.0702425
2 0.200575 0.559831 0.253811 0.118115
2 0.761734 0.517329 0.189012 0.0916285
2 0.595852 0.40001 0.109341 0.0603531
2 0.680469 0.445551 0.178901 0.0784136
2 0.375857 0.416359 0.0998762 0.0790188
2 0.127854 0.407972 0.0787868 0.0574041
2 0.651557 0.414382 0.121776 0.0423426
2 0.252878 0.440808 0.23756 0.129957
