2 0.228692 0.717647 0.362041 0.120455
2 0.850719 0.681434 0.289696 0.144633
2 0.211284 0.620221 0.269435 0.128092
2 0.759461 0.603727 0.247212 0.129481
2 0.211662 0.533424 0.232345 0.0902424
2 0.295414 0.515973 0.192593 0.0926081
2 0.706028 0.556362 0.215496 0.116885
2 0.383367 0.419603 0.0874726 0.0609445
2 0.757928 0.501431 0.187439 0.0793574
2 0.127014 0.406163 0.0729107 0.0580958
2 0.638867 0.410992 0.122159 0.0553009
2 0.702553 0.475052 0.164704 0.0644608
2 0.682311 0.44106 0.175709 0.0777372
2 0.761511 0.389937 0.0619066 0.0225544
