2 0.300151 0.620435 0.281159 0.134008
2 0.172005 0.734681 0.337884 0.08717
2 0.78127 0.584067 0.24635 0.122071
2 0.829286 0.735086 0.341429 0.0847132
2 0.706766 0.540363 0.212648 0.110294
2 0.227139 0.552355 0.2225 0.10408
2 0.249751 0.495471 0.202613 0.0930233
2 0.657752 0.424133 0.159211 0.0783546
2 0.337628 0.474572 0.158668 0.0728073
2 0.253434 0.481456 0.195241 0.0660343
2 0.385281 0.404236 0.0759599 0.0572333
2 0.598849 0.400731 0.134511 0.0629862
2 0.7158 0.469423 0.199741 0.0741711
2 0.149407 0.401885 0.078427 0.0562391
2 0.129025 0.407829 0.042336 0.0286059
2 0.681816 0.444026 0.137698 0.0466553
