2 0.298244 0.619131 0.275827 0.133071
2 0.170663 0.733608 0.3392 0.0901037
2 0.781077 0.582873 0.244697 0.121628
2 0.831291 0.733626 0.337418 0.0874222
2 0.230792 0.551592 0.225346 0.104341
2 0.704531 0.539622 0.206031 0.108399
2 0.250763 0.49486 0.199693 0.0913811
2 0.253942 0.480868 0.193785 0.0641441
2 0.656899 0.424029 0.15847 0.0779907
2 0.338562 0.471054 0.156691 0.0677148
2 0.384608 0.403635 0.0745204 0.0565178
2 0.600625 0.400617 0.134765 0.0628651
2 0.150018 0.401008 0.0795613 0.0540166
2 0.715288 0.469873 0.198841 0.0731516
2 0.683596 0.444562 0.140625 0.0466716
