2 0.856818 0.712362 0.286363 0.127204
2 0.781989 0.63473 0.279811 0.141022
2 0.719482 0.575724 0.222822 0.125567
2 0.200522 0.654487 0.286256 0.135509
2 0.200492 0.742243 0.36724 0.070711
2 0.289426 0.529687 0.189034 0.0956825
2 0.705811 0.487459 0.154987 0.0679995
2 0.761022 0.51856 0.191828 0.0933323
2 0.199121 0.561935 0.250353 0.120056
2 0.596218 0.40016 0.108457 0.0607991
2 0.680719 0.443432 0.178464 0.074486
2 0.372545 0.416902 0.103233 0.0732113
2 0.124796 0.409688 0.0765763 0.0562222
2 0.253818 0.441415 0.240868 0.130607
2 0.65133 0.412932 0.118831 0.0450826
2 0.430023 0.399236 0.0585071 0.0436551
