2 0.829266 0.655863 0.293944 0.138603
2 0.245394 0.703033 0.335034 0.148882
2 0.20876 0.602523 0.267164 0.120972
2 0.747296 0.585947 0.235182 0.123648
2 0.21489 0.519785 0.231644 0.084841
2 0.744472 0.489718 0.195847 0.0744055
2 0.674305 0.437017 0.172645 0.0758615
2 0.703084 0.540429 0.199353 0.100056
2 0.312481 0.506946 0.167874 0.0912285
2 0.385762 0.418106 0.0790217 0.0585268
2 0.75348 0.388764 0.0551517 0.0218274
2 0.643299 0.407786 0.105169 0.0467592
2 0.805642 0.38002 0.0433962 0.0208382
2 0.588178 0.397637 0.116056 0.0540944
