2 0.827008 0.695819 0.307026 0.159506
2 0.164835 0.714522 0.325158 0.123425
2 0.736668 0.620343 0.267405 0.13693
2 0.27727 0.556322 0.211189 0.105542
2 0.163693 0.607727 0.283301 0.138054
2 0.903544 0.759391 0.192912 0.0417049
2 0.712037 0.510305 0.164624 0.078481
2 0.765363 0.549091 0.21919 0.106913
2 0.683217 0.467457 0.176242 0.0976847
2 0.607263 0.404172 0.116229 0.0624081
2 0.123935 0.415977 0.0968261 0.0581347
2 0.373847 0.442945 0.0828123 0.0439436
2 0.657553 0.423481 0.137343 0.0615795
2 0.373422 0.402378 0.100524 0.0474283
2 0.388355 0.445152 0.0512329 0.0404989
2 0.246339 0.462068 0.254666 0.152424
2 0.3727 0.431166 0.0890233 0.0650505
2 0.105705 0.424962 0.0609574 0.0403589
