2 0.814839 0.676481 0.296349 0.147599
2 0.173006 0.70529 0.318788 0.140911
2 0.732442 0.60788 0.252955 0.13722
2 0.868711 0.744883 0.262578 0.0666645
2 0.282024 0.54979 0.198541 0.102291
2 0.172358 0.596733 0.26961 0.137117
2 0.765906 0.539112 0.213936 0.0974172
2 0.119088 0.41423 0.0814129 0.0552816
2 0.604017 0.402923 0.116701 0.062195
2 0.682871 0.458428 0.179583 0.0901251
2 0.714276 0.506707 0.168271 0.0750757
2 0.373499 0.429905 0.0901601 0.0642294
2 0.656123 0.422229 0.138451 0.0600713
2 0.659716 0.414065 0.131485 0.0467943
2 0.490203 0.399887 0.0712932 0.0387163
2 0.379063 0.442138 0.0743008 0.0394592
2 0.390355 0.444542 0.0494707 0.0351458
