2 0.229485 0.715415 0.361846 0.124586
2 0.848271 0.678082 0.290483 0.144983
2 0.758246 0.601295 0.242523 0.125912
2 0.21483 0.530274 0.226816 0.0883337
2 0.21296 0.615485 0.270307 0.123618
2 0.702896 0.554995 0.209099 0.11662
2 0.297758 0.51456 0.185269 0.0933882
2 0.384038 0.419587 0.0860187 0.0605689
2 0.681398 0.439083 0.173474 0.0759819
2 0.127214 0.408436 0.0726314 0.0537569
2 0.637596 0.410707 0.122529 0.0549747
2 0.757128 0.499671 0.190288 0.07832
2 0.761774 0.390222 0.0646481 0.0230773
2 0.695049 0.475992 0.147811 0.0641063
