2 0.213476 0.724902 0.383314 0.105273
2 0.854651 0.694883 0.290698 0.148261
2 0.763753 0.612932 0.253226 0.133906
2 0.294429 0.519601 0.183781 0.093421
2 0.206344 0.631757 0.273807 0.129236
2 0.213319 0.535968 0.227097 0.0872788
2 0.714151 0.56212 0.219313 0.121569
2 0.756216 0.50587 0.192153 0.0825017
2 0.381596 0.420246 0.0891127 0.0640425
2 0.680859 0.439094 0.177453 0.0722495
2 0.128626 0.408065 0.077157 0.0572321
2 0.698904 0.478296 0.145731 0.0693508
2 0.640925 0.409795 0.121952 0.0504046
2 0.594676 0.397431 0.105531 0.0548917
