2 0.155315 0.726819 0.308275 0.101708
2 0.834337 0.707484 0.316415 0.13799
2 0.751926 0.637253 0.264917 0.142883
2 0.15733 0.621707 0.287449 0.142907
2 0.272275 0.567068 0.216523 0.111422
2 0.767042 0.552629 0.239807 0.0997175
2 0.685631 0.473375 0.176416 0.0979548
2 0.688031 0.458593 0.175319 0.0691637
2 0.713839 0.517848 0.172824 0.0816217
2 0.613784 0.404669 0.118981 0.0609384
2 0.382996 0.4472 0.0541012 0.0425694
2 0.122133 0.417272 0.110615 0.0612288
2 0.663107 0.418922 0.136272 0.0510811
2 0.660535 0.431552 0.144651 0.0664172
2 0.710887 0.50487 0.180816 0.0604479
2 0.497265 0.401813 0.0597203 0.034493
2 0.372817 0.406079 0.104654 0.0538652
2 0.37034 0.433845 0.0884438 0.0683128
