2 0.834797 0.665269 0.290968 0.143112
2 0.239637 0.708065 0.353239 0.137857
2 0.752293 0.592338 0.238745 0.127254
2 0.212226 0.608359 0.264112 0.122533
2 0.214665 0.519191 0.230789 0.0791124
2 0.301271 0.509025 0.185127 0.0934467
2 0.704673 0.549326 0.203955 0.111706
2 0.746473 0.491238 0.196247 0.0752492
2 0.675388 0.437324 0.174386 0.0759047
2 0.132517 0.407263 0.0771637 0.0530425
2 0.638204 0.408129 0.119214 0.0492636
2 0.384217 0.418922 0.0837461 0.0575561
2 0.735844 0.476929 0.19597 0.0476452
