2 0.290109 0.631319 0.28867 0.137798
2 0.785824 0.593226 0.24581 0.122416
2 0.162984 0.742618 0.32476 0.0686356
2 0.713226 0.545509 0.216874 0.112268
2 0.830257 0.746158 0.334966 0.0634122
2 0.222394 0.559197 0.223888 0.108968
2 0.245114 0.497688 0.213271 0.0867411
2 0.659478 0.426842 0.153628 0.0790394
2 0.339483 0.484757 0.152433 0.0806343
2 0.716528 0.474454 0.201614 0.0763085
2 0.384969 0.404176 0.0745692 0.0565996
2 0.590652 0.4015 0.115092 0.0639712
2 0.144493 0.399904 0.0839246 0.0492151
2 0.414081 0.391196 0.110551 0.0546637
