2 0.211516 0.725868 0.382507 0.101576
2 0.85483 0.696769 0.290339 0.146862
2 0.766425 0.614361 0.254818 0.13373
2 0.206785 0.633057 0.275591 0.130578
2 0.295239 0.519785 0.181676 0.0936792
2 0.718812 0.56323 0.226241 0.124551
2 0.212096 0.537458 0.229564 0.0886705
2 0.753271 0.506681 0.197497 0.083858
2 0.380864 0.420051 0.0906333 0.0641473
2 0.680334 0.440347 0.179498 0.075518
2 0.12731 0.407481 0.0754705 0.0572199
2 0.64018 0.409682 0.12157 0.0508196
2 0.699971 0.476913 0.147235 0.0684296
2 0.594865 0.39757 0.107302 0.0551454
