2 0.799394 0.616894 0.264665 0.130014
2 0.275986 0.660987 0.314771 0.146412
2 0.727024 0.563309 0.232728 0.117822
2 0.666488 0.426891 0.169977 0.0750891
2 0.222681 0.578899 0.245172 0.116793
2 0.3283 0.493836 0.166441 0.0856953
2 0.238039 0.507502 0.217064 0.0923099
2 0.589923 0.399681 0.11768 0.0592051
2 0.38628 0.407903 0.0769598 0.0630572
2 0.224881 0.554611 0.243497 0.0698428
2 0.125629 0.769298 0.246694 0.0218574
2 0.323094 0.482454 0.169439 0.0628517
2 0.723581 0.483828 0.194439 0.0821434
2 0.140796 0.401481 0.0814731 0.0590447
2 0.715071 0.501616 0.201572 0.05226
2 0.230921 0.494068 0.194234 0.0625418
2 0.416871 0.394973 0.0960543 0.0473359
