2 0.857046 0.702572 0.285908 0.147146
2 0.202228 0.731062 0.385014 0.0943951
2 0.766309 0.619662 0.261224 0.132885
2 0.715813 0.565308 0.217854 0.124686
2 0.294398 0.522934 0.183351 0.0964802
2 0.208087 0.638552 0.27971 0.133732
2 0.209496 0.549457 0.231731 0.105938
2 0.75215 0.508244 0.201642 0.0841535
2 0.128511 0.406103 0.0816482 0.0622881
2 0.376641 0.420101 0.0983216 0.0642823
2 0.67966 0.444856 0.178391 0.0837074
2 0.64275 0.410534 0.127656 0.051182
2 0.712038 0.489075 0.177514 0.0625107
2 0.591964 0.397918 0.107918 0.056629
2 0.254694 0.435871 0.231326 0.126027
