2 0.819079 0.682377 0.297849 0.148306
2 0.170161 0.708917 0.324653 0.13754
2 0.281935 0.552069 0.200043 0.103586
2 0.738517 0.613526 0.256663 0.140932
2 0.167819 0.597513 0.277055 0.137477
2 0.886709 0.748943 0.225499 0.0604271
2 0.767269 0.538679 0.210011 0.0932756
2 0.716733 0.508783 0.173915 0.0764221
2 0.683455 0.462882 0.180177 0.0958941
2 0.605241 0.403276 0.115341 0.0626872
2 0.122496 0.414655 0.0918358 0.0573225
2 0.373611 0.430208 0.0903997 0.0642424
2 0.374906 0.439931 0.0828349 0.0447493
2 0.656991 0.429887 0.144652 0.0610265
2 0.488649 0.399578 0.0748437 0.0399287
2 0.389394 0.44379 0.0513763 0.0377749
2 0.659916 0.414762 0.130698 0.047575
2 0.433179 0.40101 0.0446953 0.0380595
2 0.374506 0.401445 0.0978809 0.0451905
2 0.108193 0.418749 0.0631348 0.0497854
