2 0.290484 0.6421 0.296455 0.140899
2 0.792254 0.601959 0.253262 0.126987
2 0.148196 0.753202 0.293489 0.0509954
2 0.718415 0.552554 0.215356 0.110601
2 0.664093 0.428291 0.16204 0.0786908
2 0.333605 0.488513 0.159827 0.0839088
2 0.222646 0.565324 0.235805 0.111092
2 0.242714 0.496822 0.207074 0.0819624
2 0.865988 0.758368 0.266824 0.04119
2 0.142168 0.399072 0.0856325 0.0506163
2 0.384788 0.404202 0.0751326 0.0580422
2 0.587201 0.401946 0.108783 0.0625397
2 0.725222 0.460664 0.163405 0.0426411
2 0.71877 0.479158 0.197195 0.0799494
2 0.711066 0.497442 0.193476 0.0552445
