2 0.806288 0.666389 0.280628 0.145331
2 0.282974 0.546669 0.198458 0.103179
2 0.727878 0.60184 0.246496 0.136638
2 0.179345 0.696286 0.319917 0.148952
2 0.866281 0.737856 0.265592 0.0793158
2 0.174159 0.587095 0.266973 0.12936
2 0.683238 0.456593 0.17797 0.0922794
2 0.602975 0.402199 0.114834 0.061384
2 0.756353 0.536768 0.218137 0.0997257
2 0.710536 0.511904 0.165298 0.062077
2 0.374795 0.429701 0.0930777 0.0634622
2 0.708391 0.499332 0.16328 0.0751254
2 0.378557 0.439149 0.0807103 0.0448215
2 0.118492 0.413783 0.080953 0.0539263
2 0.390122 0.444302 0.0544231 0.0353317
2 0.501638 0.404229 0.0452998 0.0335127
2 0.659293 0.419975 0.129441 0.0521992
