2 0.289833 0.631205 0.288191 0.137478
2 0.785812 0.59323 0.245757 0.12252
2 0.713533 0.545567 0.216608 0.11233
2 0.162801 0.742636 0.32441 0.0685417
2 0.830405 0.746214 0.334743 0.0633283
2 0.223473 0.559174 0.225664 0.108871
2 0.245457 0.49752 0.212822 0.0864024
2 0.658979 0.427004 0.153364 0.0791483
2 0.339277 0.484736 0.152991 0.0806454
2 0.716691 0.474551 0.201876 0.0767582
2 0.384782 0.404111 0.0740921 0.0565416
2 0.590254 0.401452 0.114514 0.0637822
2 0.1444 0.398727 0.0845145 0.0492538
2 0.413655 0.391243 0.109971 0.0549148
