2 0.800467 0.61517 0.263144 0.128837
2 0.27758 0.659092 0.308972 0.14571
2 0.725557 0.56194 0.232105 0.116494
2 0.665436 0.42573 0.167985 0.0756664
2 0.328643 0.493539 0.16645 0.0860188
2 0.239372 0.504063 0.213639 0.0858919
2 0.221888 0.578743 0.243968 0.117728
2 0.59059 0.399677 0.118023 0.0585772
2 0.128845 0.766746 0.25303 0.025602
2 0.230721 0.493169 0.193116 0.0618017
2 0.385871 0.408622 0.0799359 0.0639259
2 0.140574 0.403 0.0825926 0.0540943
2 0.385995 0.40011 0.07534 0.0493227
2 0.722166 0.481416 0.194177 0.0782944
2 0.723385 0.467185 0.18085 0.0487635
2 0.416318 0.394313 0.0981627 0.0496449
