2 0.286683 0.64683 0.301515 0.141024
2 0.794543 0.60551 0.258061 0.129208
2 0.719192 0.55592 0.218796 0.114818
2 0.665759 0.427068 0.165697 0.0790235
2 0.140183 0.758159 0.277022 0.0427488
2 0.222073 0.566776 0.242681 0.111958
2 0.241044 0.502455 0.215259 0.0878456
2 0.332679 0.490083 0.161622 0.0855009
2 0.141693 0.399346 0.0859233 0.0495855
2 0.585369 0.40025 0.113042 0.0584572
2 0.871014 0.763028 0.257973 0.0329872
2 0.232035 0.490176 0.19194 0.062034
2 0.385333 0.404051 0.0750862 0.0577293
2 0.720922 0.478582 0.198207 0.0770645
2 0.72563 0.462166 0.169158 0.0443108
2 0.328008 0.478056 0.161969 0.0637102
