2 0.183412 0.68827 0.315772 0.141785
2 0.862443 0.734113 0.274255 0.0883556
2 0.802341 0.662193 0.280461 0.147314
2 0.726679 0.598311 0.239666 0.136816
2 0.28458 0.544748 0.194115 0.100164
2 0.179122 0.583919 0.267931 0.128442
2 0.682909 0.451834 0.179393 0.084123
2 0.600187 0.401755 0.114326 0.0610632
2 0.755716 0.528112 0.217268 0.0865496
2 0.155473 0.768597 0.267808 0.0312695
2 0.704751 0.495914 0.156068 0.0662729
2 0.375258 0.427211 0.093296 0.0663129
2 0.707041 0.507348 0.161909 0.0646397
2 0.376711 0.408119 0.0938724 0.0587858
2 0.378897 0.437019 0.081124 0.0473825
2 0.65689 0.412448 0.124892 0.0426206
