2 0.860986 0.721095 0.278028 0.111417
2 0.79214 0.645742 0.277003 0.140553
2 0.171707 0.753597 0.308224 0.0508942
2 0.723957 0.587071 0.235905 0.128638
2 0.191626 0.668946 0.298636 0.136243
2 0.287389 0.537035 0.190223 0.102368
2 0.185796 0.577582 0.265574 0.134081
2 0.603789 0.400852 0.137241 0.0613495
2 0.753984 0.520857 0.210174 0.0858372
2 0.682864 0.446036 0.175734 0.0751556
2 0.373956 0.421901 0.0954325 0.069244
2 0.70338 0.487184 0.153424 0.0695721
2 0.651167 0.413565 0.115799 0.045671
2 0.411416 0.394872 0.10033 0.0519897
2 0.253667 0.446102 0.24661 0.13601
2 0.65225 0.431559 0.138773 0.0735229
2 0.703434 0.504535 0.156367 0.0620476
2 0.649115 0.419672 0.1316 0.054467
