2 0.267182 0.674215 0.321966 0.147982
2 0.806898 0.627581 0.267378 0.132801
2 0.734228 0.570372 0.227104 0.119311
2 0.323149 0.497833 0.170796 0.0873542
2 0.668232 0.429406 0.169509 0.0758208
2 0.233492 0.516802 0.210844 0.100238
2 0.217881 0.590681 0.250803 0.132659
2 0.138327 0.40215 0.0810958 0.055467
2 0.721489 0.530093 0.215673 0.10513
2 0.385272 0.410799 0.0802727 0.0647748
2 0.716552 0.511591 0.208009 0.0655298
2 0.226328 0.499482 0.195857 0.0646914
2 0.594376 0.397615 0.111609 0.0565466
2 0.857786 0.380581 0.0436445 0.0195807
2 0.724956 0.472149 0.194098 0.0521827
