2 0.161581 0.723679 0.321392 0.105264
2 0.834345 0.704362 0.311659 0.144471
2 0.744629 0.633379 0.268901 0.143743
2 0.162189 0.618469 0.280094 0.142698
2 0.271832 0.562889 0.217274 0.112965
2 0.765115 0.553246 0.235073 0.101892
2 0.685613 0.473514 0.176711 0.0968277
2 0.714257 0.517189 0.174083 0.0819586
2 0.611651 0.404169 0.121197 0.0600258
2 0.687858 0.459444 0.174772 0.0703833
2 0.122383 0.417288 0.10266 0.0609928
2 0.661948 0.419687 0.137899 0.0542882
2 0.659824 0.431302 0.144845 0.0620803
2 0.38264 0.446967 0.0581333 0.0423
2 0.710577 0.503416 0.178679 0.0582717
2 0.108061 0.418541 0.0729166 0.0568552
2 0.372687 0.404187 0.104583 0.0504088
2 0.371151 0.43352 0.0894622 0.0683359
2 0.663551 0.412887 0.130732 0.0390548
