2 0.798434 0.613369 0.2609 0.127258
2 0.277822 0.655897 0.297883 0.144822
2 0.724284 0.55991 0.227342 0.1152
2 0.664937 0.427055 0.168259 0.0797845
2 0.221385 0.573281 0.250146 0.111336
2 0.239867 0.499855 0.211394 0.0799885
2 0.330087 0.491612 0.160806 0.0850489
2 0.131157 0.765385 0.259252 0.0288339
2 0.230806 0.491148 0.191034 0.061082
2 0.588902 0.400215 0.116144 0.0588274
2 0.325774 0.480023 0.161099 0.0618776
2 0.141633 0.400695 0.082315 0.0515065
2 0.385378 0.408439 0.0798998 0.0639936
2 0.385023 0.399178 0.0749013 0.0478843
2 0.721142 0.481469 0.197259 0.0796209
