2 0.856879 0.704848 0.285383 0.144027
2 0.203267 0.733263 0.384282 0.0872579
2 0.768172 0.622654 0.276835 0.134047
2 0.205674 0.641375 0.281976 0.131552
2 0.719339 0.567699 0.223468 0.122207
2 0.207214 0.552834 0.237326 0.110471
2 0.293345 0.5252 0.181091 0.0972598
2 0.754146 0.510641 0.199373 0.0840786
2 0.680364 0.448747 0.175692 0.0933876
2 0.593901 0.398234 0.11321 0.0578476
2 0.374492 0.41924 0.101152 0.0656005
2 0.712729 0.487534 0.176933 0.0651412
2 0.130106 0.408712 0.0829247 0.0557222
2 0.645462 0.409761 0.128794 0.0491673
2 0.249348 0.436907 0.233283 0.126183
