2 0.234355 0.711026 0.356446 0.132688
2 0.837807 0.669962 0.293798 0.142882
2 0.756197 0.595749 0.243524 0.129492
2 0.21532 0.611771 0.266192 0.12241
2 0.707223 0.546319 0.208615 0.107172
2 0.215175 0.526845 0.232726 0.0898468
2 0.298984 0.511195 0.185344 0.0919433
2 0.749302 0.495581 0.194517 0.0813349
2 0.384112 0.419244 0.0851519 0.0586984
2 0.67626 0.43831 0.178852 0.0754527
2 0.637227 0.409088 0.122293 0.0503578
2 0.132524 0.407252 0.0783713 0.0528689
2 0.759267 0.390151 0.0643724 0.0221228
2 0.693917 0.471361 0.14889 0.0575719
2 0.380989 0.410825 0.0863836 0.0529223
