2 0.842099 0.715709 0.312574 0.126064
2 0.152935 0.736756 0.302215 0.079833
2 0.268376 0.573475 0.225048 0.112092
2 0.151262 0.632123 0.288287 0.147909
2 0.755598 0.649011 0.273275 0.145488
2 0.770378 0.55634 0.230744 0.0971591
2 0.685382 0.475026 0.176054 0.100097
2 0.720501 0.519322 0.159709 0.0839669
2 0.122369 0.415993 0.113072 0.0632704
2 0.68862 0.457922 0.174523 0.0665687
2 0.616346 0.404778 0.11586 0.0611619
2 0.368347 0.408387 0.109856 0.0588132
2 0.66648 0.417768 0.133911 0.0450049
2 0.494909 0.40235 0.0579494 0.0342787
2 0.381861 0.449944 0.0507112 0.0405806
2 0.665991 0.429308 0.139158 0.0648756
