2 0.174361 0.702643 0.313395 0.142842
2 0.813694 0.676152 0.299341 0.148858
2 0.735134 0.606145 0.259106 0.135021
2 0.282302 0.548983 0.198728 0.103097
2 0.868269 0.742966 0.263462 0.0692393
2 0.170886 0.593704 0.271032 0.133445
2 0.762432 0.536244 0.212955 0.0934554
2 0.683952 0.457682 0.181224 0.0891401
2 0.118088 0.414783 0.0768698 0.0550113
2 0.605027 0.403134 0.119132 0.062292
2 0.709843 0.506913 0.161822 0.076376
2 0.390673 0.445429 0.04954 0.0349129
2 0.657956 0.430583 0.145364 0.0668978
2 0.383222 0.443545 0.0670239 0.0379685
2 0.372523 0.430408 0.0939053 0.0648764
2 0.659183 0.413563 0.131633 0.0449818
2 0.496275 0.401525 0.0622351 0.0363922
2 0.966506 0.38023 0.0669883 0.0238522
2 0.666369 0.374806 0.0551904 0.0240519
2 0.107665 0.422803 0.0577176 0.039992
