2 0.290491 0.640205 0.295368 0.14159
2 0.79106 0.600918 0.250787 0.125025
2 0.716322 0.549116 0.212604 0.111165
2 0.156493 0.751052 0.310701 0.0550608
2 0.663344 0.428072 0.160031 0.0780511
2 0.223832 0.563975 0.237789 0.111285
2 0.862591 0.755367 0.273235 0.0473293
2 0.242758 0.49789 0.208852 0.0848478
2 0.334464 0.486926 0.157492 0.0815815
2 0.143586 0.399781 0.0839845 0.0495866
2 0.726083 0.459698 0.161876 0.0415103
2 0.242707 0.486955 0.194742 0.0623514
2 0.38455 0.405028 0.0745792 0.0598208
2 0.588967 0.402342 0.108993 0.0638091
2 0.715003 0.470146 0.192849 0.0642848
