2 0.164206 0.72158 0.324652 0.111321
2 0.829143 0.702567 0.309816 0.150769
2 0.746539 0.629361 0.253696 0.140069
2 0.273593 0.561706 0.216383 0.111736
2 0.162238 0.61522 0.279942 0.142259
2 0.766696 0.556375 0.233555 0.109977
2 0.713992 0.514962 0.17285 0.0791687
2 0.685701 0.472144 0.17712 0.0971306
2 0.608393 0.403905 0.118932 0.0611174
2 0.688799 0.458208 0.174122 0.0713856
2 0.709338 0.503068 0.168988 0.060209
2 0.125413 0.417315 0.107443 0.0602835
2 0.662443 0.419852 0.134435 0.0561694
2 0.383603 0.446259 0.0582723 0.0427946
2 0.659128 0.431706 0.143171 0.0590651
2 0.373474 0.444201 0.0804582 0.0463089
2 0.372108 0.432976 0.0900739 0.0669909
2 0.373171 0.403554 0.101558 0.0496722
2 0.106053 0.420482 0.0657052 0.0524136
2 0.776156 0.388767 0.0628694 0.020829
2 0.492946 0.401851 0.0690852 0.0362379
