2 0.155439 0.726813 0.30851 0.101673
2 0.834283 0.707489 0.316404 0.138012
2 0.75198 0.637277 0.265091 0.142856
2 0.156888 0.621704 0.287357 0.142702
2 0.272119 0.56705 0.216735 0.111326
2 0.767082 0.552373 0.239969 0.0992233
2 0.686086 0.473206 0.176874 0.0979501
2 0.688119 0.458512 0.175514 0.0696346
2 0.613694 0.404645 0.119916 0.061155
2 0.713808 0.517982 0.17281 0.0818141
2 0.122131 0.417312 0.110816 0.061439
2 0.663357 0.418701 0.136039 0.0505797
2 0.382711 0.447016 0.0549414 0.043038
2 0.660363 0.431604 0.144303 0.066525
2 0.71058 0.503734 0.181264 0.0587498
2 0.497463 0.401897 0.059117 0.0342965
2 0.370361 0.433863 0.0883128 0.0683519
2 0.371191 0.406655 0.0964613 0.056305
