2 0.231523 0.714568 0.361014 0.12621
2 0.844745 0.675732 0.293269 0.144477
2 0.756858 0.601214 0.243002 0.127327
2 0.212131 0.614089 0.267389 0.122119
2 0.214521 0.529763 0.226881 0.0896895
2 0.70369 0.552184 0.204634 0.112498
2 0.299653 0.513901 0.182001 0.0932405
2 0.384201 0.419417 0.0856978 0.0605904
2 0.755679 0.499369 0.193663 0.0790947
2 0.636656 0.409992 0.120855 0.0538775
2 0.680172 0.439149 0.175145 0.0769948
2 0.127656 0.406155 0.0723775 0.0565584
2 0.760719 0.390476 0.0636348 0.0224479
2 0.714017 0.476691 0.184936 0.0578402
