2 0.862919 0.72912 0.274108 0.0994324
2 0.797013 0.6559 0.282046 0.148038
2 0.185361 0.680756 0.318049 0.140822
2 0.728599 0.592089 0.236433 0.132343
2 0.285362 0.542121 0.195662 0.101083
2 0.183055 0.581193 0.263798 0.128741
2 0.158866 0.763725 0.289459 0.0360008
2 0.757768 0.524679 0.214848 0.0873927
2 0.686323 0.451806 0.171996 0.0875477
2 0.597216 0.40151 0.111039 0.061837
2 0.703635 0.501163 0.152939 0.0711325
2 0.374354 0.425387 0.0953178 0.0683609
2 0.655366 0.412647 0.120125 0.0446047
2 0.126125 0.409772 0.0894843 0.0642193
