2 0.291474 0.633053 0.28944 0.139551
2 0.786884 0.594606 0.251606 0.123161
2 0.714244 0.546173 0.216646 0.113197
2 0.162648 0.743894 0.322156 0.0650124
2 0.834306 0.748073 0.328288 0.0612817
2 0.223211 0.560675 0.229737 0.109626
2 0.659865 0.427241 0.1537 0.0781536
2 0.248061 0.498889 0.207735 0.088849
2 0.335137 0.484943 0.160883 0.0812223
2 0.716402 0.47563 0.199218 0.0778528
2 0.38485 0.405633 0.0748831 0.0593657
2 0.24799 0.486834 0.197152 0.0647268
2 0.592435 0.401775 0.107789 0.0640668
2 0.415117 0.391149 0.108806 0.0547529
2 0.144178 0.397312 0.083759 0.0537821
