2 0.231118 0.71251 0.35505 0.131152
2 0.84045 0.673772 0.297954 0.145693
2 0.757449 0.59895 0.245256 0.129353
2 0.211639 0.613763 0.263745 0.122678
2 0.212862 0.531035 0.234625 0.0976129
2 0.300458 0.512272 0.183191 0.0932504
2 0.712396 0.547415 0.215233 0.10728
2 0.384235 0.41955 0.0855118 0.0592981
2 0.751713 0.496789 0.18664 0.0813334
2 0.636848 0.40968 0.121953 0.0523255
2 0.678006 0.441773 0.17923 0.0823837
2 0.132516 0.407198 0.0800591 0.0538187
2 0.760061 0.390065 0.0635115 0.0218896
2 0.693645 0.470705 0.147068 0.0573055
