2 0.290422 0.642052 0.296417 0.140856
2 0.791885 0.601684 0.252527 0.126635
2 0.148027 0.75319 0.293277 0.0510027
2 0.718129 0.552578 0.214912 0.110768
2 0.664148 0.428541 0.161579 0.0783937
2 0.333588 0.488377 0.160334 0.0837392
2 0.222664 0.565584 0.235967 0.111549
2 0.242805 0.497084 0.207222 0.0820891
2 0.865934 0.758368 0.266956 0.0412016
2 0.142419 0.399541 0.0850976 0.0509893
2 0.384811 0.404572 0.0750427 0.059157
2 0.235645 0.488079 0.191058 0.0622763
2 0.587612 0.402024 0.108792 0.0626622
2 0.725114 0.460623 0.16315 0.0424974
2 0.718152 0.479582 0.197284 0.0808369
