2 0.861631 0.716829 0.276738 0.11923
2 0.783988 0.63913 0.275274 0.143121
2 0.720877 0.58081 0.223829 0.13026
2 0.200119 0.661156 0.293529 0.134407
2 0.178904 0.748909 0.324906 0.0605394
2 0.287562 0.532999 0.189244 0.0994032
2 0.193469 0.570683 0.254278 0.131366
2 0.595514 0.400215 0.10923 0.0608529
2 0.759534 0.52098 0.197429 0.0889251
2 0.681771 0.444092 0.180346 0.0738195
2 0.704038 0.486892 0.150954 0.066634
2 0.373499 0.41669 0.101511 0.0762766
2 0.252818 0.444108 0.249472 0.134341
2 0.650444 0.413876 0.114851 0.0458817
2 0.415581 0.396278 0.0909191 0.0486184
2 0.128358 0.41061 0.0890549 0.056135
2 0.432368 0.399628 0.0544634 0.042668
