2 0.815037 0.67666 0.295769 0.147505
2 0.17221 0.705083 0.320544 0.140976
2 0.734241 0.607816 0.252827 0.135542
2 0.86927 0.744816 0.26146 0.0666538
2 0.28221 0.549734 0.199251 0.102944
2 0.168372 0.596889 0.276411 0.139513
2 0.767922 0.538831 0.209004 0.096166
2 0.118316 0.414586 0.0790018 0.0554374
2 0.684013 0.458203 0.180508 0.0887274
2 0.712945 0.506173 0.166274 0.0778352
2 0.604917 0.403213 0.116451 0.0621736
2 0.377733 0.442424 0.0776097 0.0407373
2 0.372667 0.430601 0.0931092 0.0649808
2 0.390138 0.445151 0.0501776 0.0361366
2 0.66095 0.413585 0.130361 0.0448076
2 0.658426 0.430674 0.142971 0.0628963
2 0.494128 0.401183 0.0657684 0.0370343
2 0.666806 0.374428 0.0548421 0.0244084
