2 0.234877 0.71147 0.35565 0.132272
2 0.838747 0.671293 0.295845 0.144138
2 0.757084 0.596527 0.24454 0.127878
2 0.21429 0.612935 0.266575 0.122821
2 0.214057 0.529546 0.234605 0.0944246
2 0.706944 0.547738 0.207665 0.108438
2 0.301143 0.511801 0.181733 0.0928666
2 0.384196 0.419339 0.0858223 0.0592507
2 0.750206 0.495854 0.188429 0.0805553
2 0.636248 0.409523 0.122346 0.0520792
2 0.677896 0.44073 0.179495 0.0800575
2 0.13188 0.407531 0.0790349 0.0527444
2 0.760051 0.390086 0.0637353 0.0222083
2 0.693825 0.47112 0.148339 0.0594055
2 0.212135 0.51879 0.20817 0.0733437
