2 0.862905 0.729142 0.274125 0.0994583
2 0.796802 0.655876 0.281683 0.147837
2 0.185635 0.68067 0.316664 0.140577
2 0.285403 0.542044 0.195261 0.101326
2 0.728492 0.59212 0.2366 0.132325
2 0.183205 0.581605 0.263207 0.129514
2 0.1588 0.763717 0.289215 0.0359456
2 0.757743 0.524146 0.214515 0.0863644
2 0.597082 0.401483 0.110614 0.0618721
2 0.686207 0.45173 0.172105 0.087793
2 0.703635 0.501048 0.152768 0.0714243
2 0.374191 0.425435 0.0955917 0.0685423
2 0.655582 0.412736 0.120788 0.0447677
2 0.126144 0.409637 0.0896352 0.0644382
