2 0.800774 0.617608 0.265198 0.130743
2 0.274236 0.661714 0.315825 0.14584
2 0.727828 0.563925 0.233166 0.11797
2 0.666119 0.42749 0.168286 0.0745676
2 0.237734 0.508498 0.21732 0.0941281
2 0.222161 0.578431 0.244863 0.115062
2 0.328552 0.494051 0.1649 0.0853563
2 0.386526 0.408471 0.0772549 0.0632257
2 0.225012 0.549054 0.241053 0.0577533
2 0.222672 0.561219 0.241558 0.0799647
2 0.590381 0.399867 0.118169 0.0596084
2 0.140426 0.401747 0.0822521 0.0564529
2 0.725535 0.483117 0.192299 0.0807091
2 0.125368 0.76991 0.243681 0.0211011
2 0.321791 0.482509 0.171262 0.0613235
2 0.230623 0.494284 0.194527 0.0621923
2 0.714546 0.501834 0.198706 0.0513855
2 0.422858 0.396874 0.0787562 0.0435372
