2 0.266175 0.672136 0.314653 0.148323
2 0.804431 0.627003 0.266383 0.13143
2 0.326145 0.497074 0.165016 0.0872025
2 0.733671 0.568179 0.230183 0.117743
2 0.668051 0.429539 0.168556 0.078076
2 0.237099 0.515222 0.210921 0.0987317
2 0.219071 0.590266 0.251869 0.131954
2 0.138688 0.404416 0.0848286 0.0638837
2 0.719873 0.529401 0.215266 0.104453
2 0.227067 0.497689 0.189076 0.0638708
2 0.594325 0.397056 0.111655 0.0549417
2 0.385385 0.409968 0.0801536 0.0653505
2 0.715128 0.511842 0.208389 0.068105
2 0.73073 0.481001 0.188986 0.0711851
2 0.856946 0.380372 0.042963 0.0188587
