2 0.823552 0.688113 0.299938 0.149132
2 0.895172 0.753165 0.207605 0.0494225
2 0.169981 0.711257 0.326791 0.129314
2 0.737289 0.616622 0.268903 0.137771
2 0.167129 0.602031 0.278004 0.138766
2 0.280066 0.553857 0.205917 0.104006
2 0.712982 0.50837 0.169479 0.0782523
2 0.768724 0.541459 0.208093 0.0963305
2 0.683573 0.46648 0.176442 0.0976057
2 0.115731 0.416041 0.0801807 0.0559429
2 0.607084 0.403282 0.11525 0.0626461
2 0.37424 0.440285 0.0834468 0.0457514
2 0.371749 0.430867 0.0931135 0.0652956
2 0.657711 0.4308 0.140221 0.0565779
2 0.389002 0.444533 0.050715 0.0381933
2 0.374658 0.400537 0.0989924 0.0427369
2 0.247794 0.459289 0.256625 0.148714
2 0.433197 0.400983 0.0441577 0.0380572
2 0.488788 0.398699 0.0738373 0.0419736
