2 0.858275 0.704412 0.283449 0.142291
2 0.200767 0.733047 0.385059 0.088307
2 0.767697 0.622498 0.273444 0.133957
2 0.204941 0.640747 0.279108 0.13183
2 0.71836 0.567405 0.222612 0.122209
2 0.209985 0.553668 0.233373 0.112618
2 0.293657 0.525 0.181827 0.0971165
2 0.753797 0.510282 0.199588 0.0835249
2 0.680516 0.446392 0.177471 0.0853447
2 0.375104 0.419903 0.100744 0.0648951
2 0.593249 0.398302 0.112482 0.0578608
2 0.714089 0.48783 0.179567 0.0643767
2 0.129652 0.408303 0.0833388 0.055706
2 0.644876 0.410411 0.129437 0.0501036
2 0.249883 0.436938 0.226537 0.127015
