2 0.821103 0.687205 0.299656 0.150278
2 0.89307 0.751183 0.211692 0.0529059
2 0.168475 0.710416 0.323336 0.134511
2 0.168013 0.5994 0.277044 0.138854
2 0.738572 0.615179 0.268955 0.137901
2 0.280268 0.553664 0.20448 0.103078
2 0.766138 0.535153 0.213135 0.0846283
2 0.712526 0.507255 0.165767 0.0775429
2 0.68296 0.46601 0.175623 0.0969132
2 0.12331 0.414901 0.0935955 0.0575297
2 0.606326 0.403133 0.114636 0.0623726
2 0.371853 0.430619 0.0932311 0.0649151
2 0.3744 0.438889 0.083491 0.0472239
2 0.24763 0.457706 0.257233 0.146115
2 0.657052 0.430042 0.142611 0.0582218
2 0.388912 0.444204 0.051258 0.0377218
2 0.489572 0.399846 0.0733383 0.0401045
2 0.433076 0.40108 0.0454329 0.0382259
2 0.374563 0.401399 0.098419 0.0450592
2 0.661665 0.411567 0.127239 0.0407458
