2 0.862116 0.72577 0.275768 0.102788
2 0.792628 0.649989 0.276858 0.145479
2 0.19178 0.674899 0.307829 0.140416
2 0.726237 0.58959 0.242879 0.131178
2 0.285297 0.540101 0.194047 0.100429
2 0.165908 0.759232 0.299846 0.042342
2 0.187633 0.579049 0.259961 0.127966
2 0.601974 0.401127 0.133651 0.0616852
2 0.68574 0.447237 0.17069 0.0795635
2 0.75303 0.525247 0.216865 0.0915832
2 0.703005 0.498244 0.152772 0.073193
2 0.37381 0.421828 0.0971766 0.0730509
2 0.653688 0.432113 0.144373 0.074368
2 0.407475 0.392376 0.109611 0.0567864
2 0.651988 0.41284 0.119842 0.0451455
2 0.649714 0.419412 0.134537 0.0534469
