2 0.252758 0.69178 0.330249 0.153177
2 0.81927 0.644976 0.278309 0.137319
2 0.21433 0.593229 0.268543 0.119194
2 0.746059 0.579788 0.236946 0.124001
2 0.227003 0.516932 0.208507 0.0840486
2 0.314328 0.50399 0.175305 0.0890726
2 0.671995 0.435816 0.17317 0.0778101
2 0.731905 0.486268 0.204467 0.0707912
2 0.702856 0.542255 0.197339 0.110608
2 0.385895 0.415981 0.0781118 0.0604849
2 0.135914 0.401029 0.0806111 0.0580869
2 0.80008 0.380462 0.0443044 0.0192829
2 0.750863 0.388757 0.0516222 0.0202078
2 0.641822 0.40742 0.107339 0.0455882
2 0.714011 0.523401 0.208928 0.0745432
2 0.739326 0.480098 0.176876 0.0563834
