2 0.290764 0.634856 0.293057 0.14037
2 0.787653 0.59671 0.251365 0.125478
2 0.714055 0.54762 0.21707 0.113126
2 0.16428 0.746289 0.327415 0.0616559
2 0.661463 0.427743 0.15622 0.0774445
2 0.85505 0.750196 0.288839 0.0555479
2 0.244938 0.498084 0.213174 0.0884611
2 0.22169 0.562301 0.234817 0.11083
2 0.336441 0.485667 0.157275 0.0801142
2 0.38511 0.40535 0.0740596 0.0593252
2 0.244232 0.486328 0.19555 0.0643367
2 0.715991 0.475237 0.199422 0.075873
2 0.589716 0.402122 0.109621 0.0643927
2 0.143734 0.398643 0.0831305 0.0510417
2 0.414831 0.391475 0.109986 0.0551699
