2 0.255291 0.683689 0.317243 0.151211
2 0.81293 0.635986 0.27076 0.135249
2 0.7386 0.574812 0.230261 0.120763
2 0.216808 0.589652 0.259357 0.12188
2 0.317479 0.502354 0.175456 0.0866397
2 0.226405 0.514903 0.213757 0.0884375
2 0.671347 0.432376 0.17198 0.0741495
2 0.223075 0.502488 0.197842 0.0639431
2 0.733855 0.48382 0.196254 0.0717588
2 0.13836 0.402146 0.0808716 0.0582094
2 0.715138 0.52077 0.215411 0.0761265
2 0.384444 0.410759 0.0818234 0.0655569
2 0.708008 0.533433 0.19268 0.0993781
2 0.794855 0.380395 0.0428164 0.0180498
2 0.736683 0.47124 0.173471 0.0454874
