2 0.860866 0.718498 0.278268 0.116982
2 0.786362 0.641118 0.277032 0.140517
2 0.198757 0.663299 0.291937 0.135818
2 0.723984 0.584694 0.230586 0.128043
2 0.179116 0.750435 0.322346 0.0575434
2 0.287298 0.534896 0.190789 0.100281
2 0.192647 0.56981 0.258265 0.127458
2 0.596699 0.400347 0.110052 0.0610957
2 0.755546 0.520149 0.207941 0.0854589
2 0.704029 0.487008 0.151207 0.069031
2 0.683036 0.445299 0.178506 0.0755211
2 0.252969 0.444594 0.251826 0.134676
2 0.37551 0.415548 0.0982398 0.078221
2 0.12692 0.410841 0.0882603 0.0586069
2 0.409477 0.393736 0.104645 0.0538248
2 0.650394 0.414918 0.115086 0.0451299
