2 0.863059 0.73044 0.273881 0.0965265
2 0.79684 0.657954 0.282891 0.148432
2 0.184726 0.682071 0.319108 0.140054
2 0.72764 0.593126 0.239843 0.133004
2 0.285017 0.543024 0.194272 0.100762
2 0.18059 0.582369 0.263018 0.130734
2 0.684842 0.453344 0.174298 0.0913076
2 0.158234 0.76477 0.282533 0.0340215
2 0.75401 0.523897 0.216659 0.0836478
2 0.597538 0.401623 0.111946 0.0615394
2 0.703979 0.502786 0.154271 0.068252
2 0.124346 0.413801 0.0879158 0.056271
2 0.374412 0.426168 0.0950815 0.0672024
2 0.656541 0.412618 0.121952 0.0428844
2 0.376198 0.408897 0.0927267 0.0618286
