2 0.230255 0.713731 0.360142 0.127352
2 0.843976 0.675162 0.295224 0.145554
2 0.757231 0.60066 0.243701 0.127706
2 0.212125 0.615189 0.265161 0.124252
2 0.213576 0.530569 0.229843 0.0920444
2 0.299977 0.513323 0.182955 0.0926521
2 0.704406 0.550729 0.203847 0.110439
2 0.384157 0.41934 0.085722 0.0602538
2 0.636397 0.410327 0.12266 0.0547686
2 0.7493 0.498772 0.190391 0.0814756
2 0.678752 0.439762 0.1764 0.0783234
2 0.760833 0.390517 0.0639092 0.0225082
2 0.693448 0.473029 0.145499 0.0598732
2 0.12789 0.406708 0.0731268 0.0548073
