2 0.252776 0.695784 0.328673 0.153972
2 0.822013 0.647151 0.27908 0.138248
2 0.21482 0.594304 0.272788 0.118956
2 0.746593 0.582343 0.236388 0.123115
2 0.224588 0.513919 0.214308 0.0770649
2 0.671617 0.434603 0.171468 0.0761776
2 0.73353 0.486545 0.198458 0.0695452
2 0.312635 0.503514 0.171528 0.0882572
2 0.700937 0.542145 0.197779 0.109916
2 0.387132 0.416386 0.0754669 0.0597441
2 0.80096 0.380758 0.0442196 0.0193349
2 0.751906 0.388863 0.052184 0.0194751
2 0.739732 0.480385 0.173278 0.0544776
2 0.591609 0.398442 0.120402 0.056511
