2 0.827932 0.655293 0.287542 0.137943
2 0.245744 0.70212 0.330452 0.149794
2 0.208305 0.600567 0.268259 0.120754
2 0.747602 0.585917 0.236654 0.12408
2 0.216861 0.515359 0.231549 0.0764834
2 0.673478 0.436289 0.172571 0.076169
2 0.743116 0.489279 0.203514 0.0739666
2 0.703007 0.539252 0.198841 0.0981213
2 0.311756 0.506563 0.168737 0.0915804
2 0.386122 0.417391 0.0782732 0.0587632
2 0.642933 0.407983 0.10617 0.0475268
2 0.752698 0.388819 0.0542182 0.021516
2 0.805707 0.380175 0.0432313 0.0206676
2 0.587503 0.398059 0.115308 0.0546795
2 0.391172 0.424538 0.0680724 0.0450237
