2 0.837261 0.713093 0.315356 0.130009
2 0.154154 0.733714 0.304696 0.0890088
2 0.270998 0.571275 0.218951 0.111499
2 0.153837 0.627618 0.286185 0.147105
2 0.756331 0.643453 0.281354 0.143781
2 0.768269 0.547018 0.230553 0.0820801
2 0.68467 0.474718 0.176126 0.0984106
2 0.687879 0.458084 0.176259 0.0665285
2 0.716747 0.517866 0.171518 0.0813826
2 0.125244 0.414766 0.115528 0.0613407
2 0.370811 0.407031 0.102907 0.056477
2 0.616064 0.40479 0.117732 0.061624
2 0.665492 0.418466 0.134413 0.0477595
2 0.618524 0.394312 0.108588 0.0405734
2 0.382111 0.447672 0.0526763 0.0430914
2 0.495833 0.401909 0.0581794 0.0349064
2 0.664759 0.428673 0.13945 0.064855
2 0.368805 0.435517 0.0882114 0.066829
