2 0.257942 0.688294 0.320419 0.150273
2 0.816841 0.641696 0.271908 0.136205
2 0.74295 0.577525 0.229864 0.124051
2 0.21798 0.591583 0.258757 0.117926
2 0.226992 0.515767 0.208639 0.0874995
2 0.671196 0.435359 0.172836 0.078636
2 0.31568 0.502946 0.175303 0.0876837
2 0.736013 0.484969 0.190931 0.0703472
2 0.704169 0.540149 0.195434 0.109344
2 0.79733 0.37984 0.0414497 0.0174826
2 0.136067 0.400883 0.0792816 0.0545409
2 0.221387 0.504481 0.196092 0.0655239
2 0.384366 0.412243 0.0819196 0.0655753
2 0.749949 0.389343 0.0520484 0.0207494
2 0.713052 0.52149 0.210915 0.074582
2 0.87003 0.379168 0.0432553 0.0202368
