2 0.856878 0.703186 0.286244 0.146923
2 0.204134 0.732282 0.389063 0.0927211
2 0.7661 0.620918 0.26761 0.133601
2 0.716547 0.566835 0.221686 0.123205
2 0.206425 0.639406 0.27666 0.132617
2 0.294266 0.523564 0.182607 0.0960613
2 0.210588 0.547701 0.232202 0.101137
2 0.679752 0.444759 0.177709 0.0831999
2 0.376098 0.420172 0.0991882 0.0644813
2 0.753352 0.509281 0.202771 0.0835695
2 0.129508 0.405829 0.0812119 0.0625542
2 0.595609 0.398636 0.112677 0.0584504
2 0.713671 0.489505 0.179245 0.0637657
2 0.643152 0.410488 0.127313 0.0501215
2 0.251206 0.43647 0.226827 0.126958
