2 0.254008 0.697557 0.333307 0.152898
2 0.825456 0.649582 0.283755 0.1389
2 0.747484 0.58348 0.234 0.125206
2 0.211174 0.596046 0.265542 0.114365
2 0.22263 0.517852 0.221334 0.084498
2 0.670548 0.435377 0.172813 0.0788091
2 0.736737 0.487313 0.189472 0.0706587
2 0.702501 0.545343 0.194372 0.111355
2 0.311541 0.504414 0.170998 0.0894934
2 0.385221 0.415407 0.0810074 0.0608567
2 0.753107 0.388872 0.0533017 0.0198937
2 0.802214 0.38058 0.044064 0.019685
2 0.133495 0.402626 0.0787963 0.0519464
2 0.590346 0.398737 0.118291 0.0567848
