2 0.257793 0.68824 0.320366 0.150158
2 0.816828 0.641717 0.272085 0.135923
2 0.742765 0.577579 0.229761 0.124017
2 0.218086 0.591563 0.258954 0.117958
2 0.227303 0.515658 0.208539 0.0867087
2 0.671922 0.435048 0.172443 0.077731
2 0.316002 0.50287 0.174965 0.0878776
2 0.73644 0.48497 0.19063 0.0705296
2 0.704266 0.540219 0.195629 0.109052
2 0.797453 0.37991 0.0416345 0.0176812
2 0.13596 0.400759 0.0792666 0.0546795
2 0.384293 0.411802 0.0822237 0.0664928
2 0.221193 0.504531 0.193776 0.0641725
2 0.713345 0.521664 0.211307 0.0744975
2 0.749659 0.389401 0.0519708 0.0206242
2 0.870735 0.379175 0.0434987 0.0202165
