2 0.857227 0.702663 0.285546 0.147351
2 0.202715 0.731045 0.386458 0.0944771
2 0.765756 0.619762 0.261956 0.132805
2 0.715657 0.565621 0.218411 0.124758
2 0.207808 0.638533 0.279458 0.13378
2 0.294269 0.523219 0.183617 0.0966095
2 0.209481 0.550146 0.231584 0.107372
2 0.75278 0.508255 0.20019 0.0842407
2 0.128706 0.406209 0.0827614 0.0623885
2 0.68001 0.446261 0.179004 0.0868561
2 0.376373 0.420125 0.0983214 0.0633738
2 0.643213 0.410421 0.12787 0.0507901
2 0.712924 0.488969 0.178256 0.0621385
2 0.592771 0.397952 0.107821 0.0567426
2 0.254632 0.435989 0.232078 0.12602
