2 0.856639 0.71379 0.286722 0.122882
2 0.780687 0.636235 0.275884 0.142837
2 0.197468 0.744854 0.360893 0.0671153
2 0.717975 0.576874 0.22194 0.124403
2 0.201429 0.658263 0.290837 0.136195
2 0.287709 0.531037 0.190318 0.0965358
2 0.761353 0.519384 0.192438 0.0916007
2 0.195038 0.561992 0.258931 0.117744
2 0.705603 0.487511 0.154752 0.0684251
2 0.595415 0.40009 0.10971 0.0605171
2 0.680969 0.443221 0.178816 0.0746317
2 0.373348 0.416827 0.102158 0.0748062
2 0.254253 0.442995 0.244269 0.132642
2 0.65046 0.412822 0.112376 0.0452251
2 0.124921 0.408287 0.0805347 0.0621294
2 0.431467 0.399392 0.0576699 0.0424231
