2 0.254433 0.689868 0.330272 0.151128
2 0.816308 0.643414 0.276035 0.13736
2 0.744116 0.578878 0.234211 0.123676
2 0.21693 0.592275 0.262254 0.119068
2 0.671602 0.435561 0.173112 0.0789314
2 0.225012 0.51414 0.212134 0.0799484
2 0.731015 0.486486 0.207422 0.0723171
2 0.315596 0.503394 0.172651 0.0880224
2 0.703296 0.541604 0.198358 0.110564
2 0.385637 0.415859 0.0783924 0.0606077
2 0.798961 0.380303 0.0425873 0.0186955
2 0.750728 0.389104 0.0521366 0.0204003
2 0.713105 0.522239 0.206994 0.0736101
2 0.134811 0.401644 0.0781768 0.0554505
