2 0.817302 0.679286 0.296932 0.147664
2 0.169128 0.708031 0.317659 0.137769
2 0.282034 0.551645 0.199578 0.102587
2 0.734185 0.610515 0.260196 0.137508
2 0.885275 0.747476 0.228646 0.0636208
2 0.169391 0.594943 0.274409 0.138231
2 0.116051 0.41352 0.0767776 0.0565196
2 0.683157 0.460946 0.181215 0.0935593
2 0.713308 0.506169 0.166549 0.0758864
2 0.767491 0.53811 0.209781 0.092824
2 0.604669 0.403244 0.114861 0.0627889
2 0.371956 0.430227 0.0934474 0.0643658
2 0.374471 0.438213 0.0837695 0.0476711
2 0.656901 0.430317 0.144673 0.0626061
2 0.659889 0.414596 0.131823 0.0476698
2 0.488569 0.399517 0.0738788 0.0396267
2 0.38969 0.444133 0.0508411 0.0364974
2 0.433539 0.400894 0.0444662 0.0379661
2 0.374054 0.400532 0.0979599 0.0430009
