2 0.287478 0.64419 0.294574 0.140498
2 0.793229 0.603064 0.255569 0.128292
2 0.145198 0.755093 0.286711 0.0476818
2 0.718773 0.553707 0.217692 0.112155
2 0.665171 0.428038 0.164654 0.0788933
2 0.332998 0.488913 0.159014 0.0840097
2 0.223263 0.566369 0.239835 0.110775
2 0.242837 0.49792 0.209349 0.0824768
2 0.867807 0.760538 0.263119 0.0382296
2 0.141814 0.399327 0.0856725 0.0490458
2 0.385078 0.403639 0.0754772 0.0567281
2 0.58621 0.401465 0.10923 0.0617824
2 0.717703 0.479678 0.198039 0.0807892
2 0.724054 0.460615 0.166415 0.0421864
