2 0.838447 0.710507 0.316885 0.135443
2 0.154368 0.730729 0.306801 0.0934882
2 0.755386 0.641516 0.282275 0.141283
2 0.271578 0.570087 0.218539 0.110792
2 0.154797 0.624342 0.286844 0.145747
2 0.768026 0.541879 0.234355 0.0776986
2 0.685154 0.474247 0.176608 0.0986028
2 0.715008 0.518012 0.171264 0.0826624
2 0.771526 0.558918 0.233431 0.108751
2 0.688027 0.4577 0.177166 0.067078
2 0.614709 0.40492 0.118113 0.0620567
2 0.664747 0.417605 0.132793 0.0463045
2 0.370947 0.406968 0.100459 0.0567651
2 0.12427 0.413143 0.111734 0.0665018
2 0.382828 0.447214 0.0516148 0.0429049
2 0.496567 0.401972 0.0583084 0.0348262
2 0.616865 0.397182 0.10998 0.0465693
2 0.663716 0.427732 0.137575 0.0615288
2 0.369822 0.434621 0.0884359 0.0671492
