2 0.266367 0.672146 0.313874 0.148363
2 0.804739 0.627305 0.267746 0.1325
2 0.325288 0.497072 0.167075 0.0878235
2 0.73363 0.56816 0.230935 0.117492
2 0.667853 0.429339 0.168697 0.0778931
2 0.236392 0.515294 0.210953 0.0990136
2 0.219156 0.590468 0.252869 0.13261
2 0.138901 0.404255 0.0849223 0.0632838
2 0.720629 0.529958 0.216345 0.105344
2 0.594064 0.397 0.112178 0.0547558
2 0.226901 0.497843 0.190726 0.06423
2 0.385308 0.410104 0.0802945 0.0656812
2 0.730353 0.47883 0.189149 0.0671484
2 0.71561 0.512125 0.20843 0.0685228
