2 0.229201 0.71545 0.360838 0.124523
2 0.848234 0.678178 0.29035 0.145135
2 0.758272 0.60129 0.24252 0.125987
2 0.214746 0.530114 0.226964 0.0880434
2 0.212989 0.615528 0.270344 0.123705
2 0.70335 0.554924 0.209258 0.116502
2 0.29786 0.514689 0.185839 0.093545
2 0.384115 0.419421 0.0858422 0.0606091
2 0.681175 0.43917 0.173323 0.0765335
2 0.12717 0.408461 0.0728801 0.0537487
2 0.757305 0.499749 0.189291 0.0784369
2 0.637304 0.410682 0.12212 0.0552913
2 0.76201 0.39024 0.0656007 0.0230903
2 0.695242 0.476412 0.147945 0.0638636
