2 0.856903 0.703257 0.286195 0.14685
2 0.203886 0.73223 0.388932 0.0929081
2 0.76639 0.620872 0.267579 0.133525
2 0.716708 0.566995 0.221559 0.123656
2 0.207165 0.640081 0.278843 0.132295
2 0.294339 0.523479 0.182487 0.0958626
2 0.210103 0.547705 0.23213 0.10108
2 0.679223 0.444726 0.177345 0.0827093
2 0.376182 0.420177 0.0988196 0.0639303
2 0.754414 0.509345 0.199869 0.0832836
2 0.129191 0.407037 0.0813097 0.0592531
2 0.644041 0.410578 0.129536 0.0501635
2 0.713312 0.489094 0.178027 0.0644957
2 0.594277 0.398364 0.111255 0.0577955
2 0.252263 0.436511 0.22923 0.127108
