2 0.857485 0.7071 0.28431 0.142068
2 0.202967 0.735209 0.38344 0.0863754
2 0.720198 0.571046 0.228346 0.122735
2 0.774652 0.62379 0.268284 0.136086
2 0.293578 0.525562 0.18523 0.0972481
2 0.20221 0.556865 0.246317 0.115331
2 0.204709 0.643262 0.277111 0.133695
2 0.757146 0.511199 0.193599 0.0835495
2 0.680284 0.447818 0.175373 0.0904482
2 0.712335 0.487856 0.175831 0.0658396
2 0.595424 0.3992 0.110036 0.0602194
2 0.377298 0.416505 0.0989804 0.0774333
2 0.12877 0.408436 0.0815757 0.0562225
2 0.648621 0.40929 0.128471 0.0464445
2 0.254374 0.437817 0.237823 0.125878
