2 0.298337 0.619228 0.275264 0.133208
2 0.171686 0.733485 0.337255 0.0900148
2 0.78121 0.58284 0.245289 0.121555
2 0.83075 0.733652 0.338482 0.0874331
2 0.230359 0.551522 0.225566 0.104371
2 0.705029 0.539581 0.205504 0.108225
2 0.250619 0.494802 0.199412 0.0910015
2 0.253778 0.481431 0.193936 0.065514
2 0.65716 0.423949 0.158599 0.0778094
2 0.338931 0.471793 0.157203 0.0689772
2 0.384709 0.403643 0.0748388 0.0563036
2 0.599153 0.400668 0.132917 0.0627872
2 0.149933 0.40073 0.0781454 0.0533896
2 0.715348 0.469913 0.199903 0.0725624
2 0.68397 0.44461 0.14161 0.0465773
