2 0.840172 0.714188 0.314333 0.127342
2 0.153577 0.734817 0.304211 0.0859388
2 0.270228 0.572723 0.22035 0.11138
2 0.153263 0.629529 0.286329 0.147088
2 0.754694 0.646272 0.278505 0.146398
2 0.766703 0.548645 0.23236 0.083853
2 0.684315 0.474763 0.175682 0.0992991
2 0.716869 0.518494 0.170098 0.0807884
2 0.688229 0.457062 0.175634 0.0652585
2 0.615065 0.404871 0.116141 0.0614938
2 0.665643 0.418299 0.134983 0.0473632
2 0.12427 0.412347 0.113752 0.062908
2 0.369266 0.407575 0.105778 0.0575653
2 0.617879 0.396393 0.109092 0.0447462
2 0.495549 0.402288 0.0574321 0.0348834
2 0.367423 0.436033 0.087834 0.0661395
2 0.664545 0.429163 0.14067 0.0659524
