2 0.836331 0.667322 0.291123 0.141633
2 0.235142 0.708679 0.358173 0.135901
2 0.753164 0.593903 0.239535 0.127394
2 0.213094 0.610497 0.266604 0.121827
2 0.215239 0.523513 0.234473 0.0846879
2 0.298613 0.510165 0.189425 0.0925625
2 0.707613 0.546744 0.206743 0.10825
2 0.748327 0.493949 0.190977 0.077923
2 0.67458 0.437544 0.174467 0.0750544
2 0.384185 0.41895 0.0847329 0.0584304
2 0.637872 0.409023 0.119071 0.0500148
2 0.131452 0.405601 0.0760986 0.0571308
2 0.695892 0.472323 0.151048 0.0564293
2 0.758593 0.390485 0.0624413 0.0222902
