2 0.169703 0.732018 0.3368 0.0939358
2 0.301465 0.616645 0.274688 0.131108
2 0.825927 0.731667 0.347692 0.0919895
2 0.778307 0.58094 0.246036 0.121314
2 0.703679 0.538367 0.205719 0.107826
2 0.231212 0.549758 0.219597 0.101807
2 0.254223 0.492577 0.19608 0.0903851
2 0.345514 0.475315 0.146193 0.0798
2 0.657109 0.422964 0.16036 0.077767
2 0.601635 0.400177 0.138478 0.0622251
2 0.384071 0.403672 0.0738932 0.0566784
2 0.150949 0.403073 0.0787122 0.058206
2 0.715492 0.468923 0.20373 0.0729401
2 0.691561 0.444736 0.153098 0.0451539
2 0.709822 0.484221 0.193537 0.0507513
