2 0.813623 0.677451 0.292541 0.147155
2 0.171654 0.706017 0.320008 0.140181
2 0.733721 0.609146 0.252512 0.136239
2 0.281551 0.550378 0.199429 0.10236
2 0.87077 0.746055 0.258461 0.0653969
2 0.170286 0.596724 0.272795 0.13576
2 0.712954 0.506437 0.165359 0.0765951
2 0.117898 0.414355 0.0787725 0.0547266
2 0.68303 0.459949 0.180762 0.092414
2 0.766358 0.538261 0.21272 0.0951366
2 0.604012 0.403089 0.116226 0.0621657
2 0.373307 0.42985 0.0902865 0.0642502
2 0.656182 0.422793 0.138863 0.0613604
2 0.489389 0.399782 0.0725591 0.0389196
2 0.659841 0.414502 0.13199 0.0479984
2 0.378814 0.442189 0.0746398 0.039368
2 0.390464 0.444529 0.0491399 0.0351501
2 0.108018 0.42149 0.0603086 0.0423754
