2 0.230742 0.713756 0.359816 0.12743
2 0.844005 0.675227 0.294768 0.145594
2 0.757103 0.600577 0.244056 0.127512
2 0.211905 0.614931 0.264928 0.123683
2 0.21349 0.530645 0.23015 0.0921728
2 0.299714 0.512987 0.183158 0.0920573
2 0.704458 0.550761 0.204123 0.110607
2 0.384062 0.419343 0.0859584 0.0599465
2 0.636628 0.410083 0.122628 0.0540924
2 0.749451 0.498889 0.189388 0.0811542
2 0.678671 0.440233 0.174591 0.078922
2 0.761012 0.390295 0.0650231 0.0228386
2 0.693235 0.472802 0.145396 0.0612221
2 0.127773 0.406876 0.0728494 0.0547394
