2 0.861095 0.708858 0.277809 0.137622
2 0.206945 0.737586 0.366535 0.0779076
2 0.776791 0.629418 0.268685 0.138874
2 0.724652 0.573131 0.23236 0.124444
2 0.291321 0.527958 0.187578 0.0972963
2 0.201713 0.649617 0.285847 0.136662
2 0.70531 0.486688 0.1574 0.069614
2 0.197445 0.556001 0.257216 0.109745
2 0.762199 0.515599 0.191933 0.0898364
2 0.594619 0.39991 0.109972 0.060297
2 0.68064 0.445827 0.177842 0.0803756
2 0.131716 0.408483 0.0891218 0.0567494
2 0.37266 0.415505 0.10417 0.0740289
2 0.650001 0.410195 0.12189 0.0465302
2 0.250625 0.439316 0.230938 0.128337
