2 0.292048 0.633575 0.291179 0.139316
2 0.786614 0.595555 0.251497 0.123599
2 0.714976 0.546726 0.219454 0.113673
2 0.163759 0.744598 0.32516 0.0636106
2 0.66095 0.427034 0.154324 0.0782448
2 0.222607 0.561778 0.231771 0.1102
2 0.842356 0.748789 0.315165 0.0587187
2 0.247835 0.499665 0.208691 0.0910873
2 0.33472 0.484917 0.160694 0.0804503
2 0.384768 0.405276 0.0747945 0.0585702
2 0.248196 0.487086 0.198048 0.0658222
2 0.716676 0.474883 0.199006 0.0761126
2 0.592124 0.402051 0.106539 0.0646901
2 0.143865 0.398381 0.0841074 0.056392
2 0.415044 0.391398 0.10714 0.054575
