2 0.271 0.667193 0.322948 0.14663
2 0.801917 0.622284 0.264428 0.133227
2 0.732059 0.565775 0.231006 0.118813
2 0.329517 0.495504 0.158843 0.086847
2 0.666314 0.429581 0.167034 0.0771557
2 0.22431 0.583732 0.254275 0.123329
2 0.237853 0.509601 0.212714 0.0895706
2 0.228151 0.495417 0.188966 0.0614776
2 0.385805 0.409562 0.0792007 0.0637546
2 0.731793 0.481961 0.185812 0.0746979
2 0.719943 0.521383 0.213858 0.0899706
2 0.592342 0.398032 0.111796 0.0559431
2 0.712029 0.502618 0.190963 0.0511534
2 0.138586 0.402954 0.0828614 0.0610273
