2 0.799528 0.616723 0.264588 0.129664
2 0.275994 0.660922 0.314438 0.146304
2 0.726899 0.563153 0.23225 0.117442
2 0.666442 0.427052 0.169138 0.074408
2 0.222792 0.57893 0.245391 0.116887
2 0.23798 0.507392 0.217035 0.0920219
2 0.328247 0.493732 0.166026 0.0855106
2 0.386358 0.408222 0.0775057 0.0632387
2 0.590474 0.399758 0.118462 0.059435
2 0.22497 0.554425 0.243221 0.0694468
2 0.125665 0.769331 0.246647 0.0218052
2 0.323173 0.482435 0.169326 0.0627712
2 0.724427 0.48363 0.193463 0.0817621
2 0.230897 0.494026 0.194223 0.0624394
2 0.140699 0.401288 0.0814712 0.058997
2 0.714849 0.501663 0.201383 0.0523111
2 0.419823 0.395672 0.088787 0.0454239
