2 0.225161 0.719748 0.367806 0.115157
2 0.853185 0.685498 0.291471 0.143823
2 0.764485 0.605981 0.255396 0.131701
2 0.209977 0.625067 0.271528 0.131249
2 0.209635 0.533392 0.234131 0.0862737
2 0.295386 0.517704 0.19076 0.0922802
2 0.708061 0.559692 0.214739 0.121214
2 0.383082 0.419857 0.0876885 0.0617742
2 0.754942 0.502879 0.19145 0.0800434
2 0.128587 0.40913 0.0739906 0.0540154
2 0.701057 0.476134 0.158313 0.0633743
2 0.639941 0.410561 0.12073 0.0551659
2 0.680061 0.440947 0.17293 0.0769712
2 0.762907 0.389274 0.0619103 0.0230582
