2 0.1602 0.724568 0.31924 0.104711
2 0.834242 0.705067 0.310661 0.143755
2 0.747726 0.634239 0.269203 0.144001
2 0.161001 0.619458 0.281936 0.143534
2 0.271031 0.563454 0.21802 0.112725
2 0.765645 0.552956 0.235436 0.101102
2 0.685706 0.473471 0.177064 0.0969246
2 0.713705 0.5174 0.173592 0.0824417
2 0.612209 0.404506 0.121338 0.0605805
2 0.123097 0.417325 0.105235 0.0607483
2 0.660443 0.432024 0.145977 0.0624686
2 0.662553 0.419502 0.137544 0.0537256
2 0.382348 0.446842 0.057668 0.0428277
2 0.10807 0.417482 0.0735328 0.0589683
2 0.710325 0.502168 0.178974 0.0563089
2 0.37039 0.433602 0.0900316 0.0684828
2 0.371599 0.408627 0.103332 0.0588539
2 0.663964 0.412892 0.130198 0.0389792
