2 0.158216 0.7257 0.314759 0.103194
2 0.83441 0.706249 0.313849 0.139807
2 0.750728 0.637102 0.262527 0.141998
2 0.158005 0.620934 0.28765 0.143913
2 0.27201 0.564988 0.21846 0.112186
2 0.767229 0.554754 0.236666 0.104746
2 0.685465 0.473454 0.176143 0.098214
2 0.71357 0.517187 0.172863 0.0812329
2 0.688632 0.457868 0.174863 0.0686047
2 0.613355 0.404645 0.120287 0.0605735
2 0.122812 0.41715 0.10799 0.0612841
2 0.382565 0.446965 0.0556943 0.0430491
2 0.659703 0.431438 0.142897 0.0649969
2 0.662644 0.419525 0.135157 0.0529182
2 0.710238 0.50462 0.178149 0.0592074
2 0.369597 0.433596 0.0893114 0.0689084
2 0.372302 0.40572 0.104951 0.053212
2 0.49765 0.401598 0.0589798 0.0347106
