2 0.830203 0.697321 0.30983 0.159065
2 0.163368 0.71612 0.322929 0.120166
2 0.740656 0.622198 0.262078 0.137782
2 0.277478 0.557964 0.210491 0.107411
2 0.163215 0.609403 0.283465 0.139619
2 0.766198 0.550498 0.22617 0.108687
2 0.712441 0.510006 0.16511 0.0791973
2 0.683058 0.468412 0.176426 0.0987772
2 0.90701 0.760575 0.18598 0.0383902
2 0.607329 0.404028 0.115915 0.0624224
2 0.125162 0.416448 0.102405 0.0576404
2 0.658311 0.423237 0.137074 0.0627146
2 0.373631 0.442755 0.0825452 0.0453211
2 0.373635 0.400803 0.0995985 0.044252
2 0.372476 0.431382 0.089035 0.065357
2 0.388264 0.445545 0.051045 0.0407196
2 0.245993 0.463037 0.255275 0.152817
