2 0.783773 0.587607 0.244816 0.121931
2 0.294239 0.624007 0.278394 0.135032
2 0.172687 0.737476 0.34292 0.0809862
2 0.827325 0.739483 0.344427 0.0751339
2 0.226178 0.555531 0.224654 0.105929
2 0.707943 0.539726 0.213853 0.114978
2 0.250069 0.495684 0.199065 0.0879414
2 0.343235 0.481396 0.150397 0.0804526
2 0.658895 0.425869 0.160018 0.0783714
2 0.58884 0.401158 0.112477 0.0636476
2 0.717668 0.470752 0.197146 0.0737801
2 0.3838 0.402321 0.072545 0.0535586
2 0.126166 0.410045 0.0490959 0.0348213
2 0.248232 0.478857 0.187092 0.0556878
2 0.56783 0.402492 0.0762381 0.0608156
