2 0.163285 0.722451 0.322732 0.107886
2 0.832051 0.703166 0.312366 0.149081
2 0.272022 0.562921 0.218001 0.111465
2 0.745979 0.630573 0.264339 0.142664
2 0.162662 0.617354 0.280458 0.14318
2 0.766543 0.554948 0.235154 0.106257
2 0.684628 0.472854 0.175119 0.0967926
2 0.714441 0.516063 0.174243 0.0813514
2 0.687942 0.458329 0.174379 0.0694489
2 0.609106 0.404246 0.122372 0.0609314
2 0.662597 0.419273 0.13685 0.0540999
2 0.660031 0.431454 0.145276 0.0599751
2 0.383226 0.446388 0.0579336 0.0429368
2 0.124605 0.416642 0.103961 0.06107
2 0.708104 0.501974 0.16853 0.0578463
2 0.372074 0.443611 0.0825984 0.0478415
2 0.371397 0.433163 0.0907586 0.0668239
2 0.373377 0.403762 0.102257 0.0498555
2 0.433915 0.400915 0.0437208 0.0385555
