2 0.826864 0.695565 0.306317 0.158975
2 0.164919 0.714482 0.325525 0.123446
2 0.737365 0.620508 0.265978 0.137202
2 0.277321 0.556341 0.210965 0.105766
2 0.16344 0.607858 0.28387 0.138583
2 0.903503 0.759419 0.192995 0.0416435
2 0.712107 0.510317 0.165079 0.0782737
2 0.765055 0.549229 0.22104 0.107006
2 0.683348 0.467134 0.176504 0.0980209
2 0.607311 0.40395 0.117386 0.0620518
2 0.122792 0.415985 0.0947006 0.0580252
2 0.373957 0.443102 0.082467 0.0435978
2 0.65793 0.42375 0.136105 0.0616083
2 0.373457 0.402346 0.100155 0.0472186
2 0.246576 0.462205 0.254914 0.152429
2 0.388549 0.445157 0.0505692 0.0403055
2 0.372797 0.431189 0.0890394 0.065
2 0.105896 0.424687 0.0613675 0.0408022
