2 0.290213 0.641272 0.295462 0.140634
2 0.79123 0.601509 0.25124 0.125945
2 0.149408 0.752508 0.296417 0.0521389
2 0.717887 0.552164 0.213195 0.110901
2 0.664289 0.428562 0.160993 0.0778033
2 0.222281 0.56519 0.23429 0.111637
2 0.334072 0.48834 0.159107 0.0833258
2 0.24294 0.496637 0.206713 0.0824169
2 0.864747 0.757004 0.269423 0.0439819
2 0.384806 0.405017 0.0749998 0.0599516
2 0.143556 0.399866 0.0828778 0.0512302
2 0.72576 0.460307 0.161635 0.0418578
2 0.587835 0.402194 0.107471 0.0631057
2 0.237681 0.486838 0.191371 0.0607288
2 0.711219 0.497227 0.194246 0.0564089
