2 0.842336 0.715723 0.312229 0.126038
2 0.152864 0.736804 0.302171 0.0799109
2 0.268352 0.573488 0.224901 0.11195
2 0.151245 0.632167 0.288066 0.147943
2 0.755535 0.649043 0.27343 0.145536
2 0.770503 0.556233 0.230785 0.0970335
2 0.685219 0.475 0.175831 0.0999331
2 0.720363 0.519317 0.159705 0.0837754
2 0.688487 0.457818 0.174451 0.0665363
2 0.122461 0.416022 0.113493 0.0632601
2 0.616361 0.404774 0.117053 0.0610593
2 0.368568 0.408906 0.110111 0.0597884
2 0.666468 0.417702 0.133939 0.0446506
2 0.494723 0.402326 0.0581952 0.0341828
2 0.381667 0.450025 0.0506229 0.0408937
