2 0.797147 0.611963 0.259247 0.127209
2 0.280862 0.653963 0.299438 0.14312
2 0.722856 0.559294 0.22311 0.114302
2 0.664745 0.426482 0.168169 0.0752515
2 0.222354 0.573115 0.250824 0.111984
2 0.239979 0.500648 0.215796 0.0822897
2 0.132407 0.763538 0.261206 0.0319478
2 0.330036 0.48928 0.162649 0.081134
2 0.140966 0.401159 0.0830583 0.0498176
2 0.230496 0.490364 0.189897 0.061441
2 0.587538 0.400119 0.118383 0.0571981
2 0.385356 0.408168 0.0805032 0.0643301
2 0.323318 0.478604 0.168526 0.0591438
2 0.720075 0.482253 0.199801 0.0819193
