2 0.22055 0.720996 0.373619 0.11142
2 0.854593 0.688345 0.290585 0.148813
2 0.763312 0.608163 0.25246 0.13335
2 0.208662 0.626221 0.267639 0.12495
2 0.210406 0.538251 0.233083 0.0946928
2 0.295617 0.517993 0.188204 0.0928314
2 0.709998 0.560462 0.216042 0.121041
2 0.755435 0.503545 0.191138 0.0799233
2 0.382533 0.419889 0.0886755 0.0622539
2 0.126686 0.407825 0.0737874 0.0560311
2 0.70032 0.475927 0.152622 0.0621401
2 0.681116 0.441604 0.175951 0.0770848
2 0.640928 0.409862 0.121409 0.0528027
2 0.766764 0.387771 0.0702176 0.0221685
2 0.56528 0.409773 0.0432561 0.0367673
