2 0.297752 0.62239 0.282131 0.134186
2 0.782278 0.586423 0.247266 0.122323
2 0.171945 0.736533 0.343013 0.0833754
2 0.829335 0.737572 0.341048 0.0798744
2 0.229443 0.553697 0.226769 0.102577
2 0.707207 0.540965 0.216314 0.110787
2 0.250223 0.493394 0.198903 0.0840515
2 0.34331 0.480422 0.151253 0.079809
2 0.658752 0.42484 0.159523 0.0789655
2 0.591915 0.401222 0.116942 0.0637011
2 0.384148 0.403284 0.0741625 0.0552482
2 0.716458 0.469598 0.196585 0.0735853
2 0.150086 0.402736 0.078631 0.0573391
2 0.252515 0.480228 0.190162 0.0587597
2 0.410707 0.388099 0.106025 0.0511638
2 0.126219 0.40953 0.0495535 0.033782
