2 0.185667 0.683405 0.315191 0.140454
2 0.797928 0.65926 0.282094 0.147028
2 0.864033 0.731526 0.271658 0.0938875
2 0.284912 0.543084 0.194436 0.100476
2 0.728822 0.594126 0.236061 0.132657
2 0.180949 0.582565 0.262501 0.129964
2 0.155384 0.766014 0.274213 0.0314941
2 0.684622 0.452158 0.173978 0.0879128
2 0.598274 0.401668 0.113137 0.0617643
2 0.752203 0.525122 0.220195 0.0847297
2 0.704622 0.504355 0.15586 0.0657145
2 0.374345 0.42625 0.0947758 0.0671697
2 0.126629 0.410408 0.0920042 0.0637405
2 0.705163 0.492501 0.157059 0.0628131
2 0.656557 0.413921 0.121968 0.0432856
2 0.376209 0.409444 0.0929068 0.0618009
