2 0.784107 0.589264 0.245324 0.123683
2 0.293226 0.626219 0.279843 0.13557
2 0.828859 0.741551 0.338303 0.0702556
2 0.171413 0.738584 0.34215 0.0750189
2 0.226088 0.556773 0.23202 0.107468
2 0.708959 0.540764 0.216 0.116503
2 0.247496 0.495889 0.200462 0.0883733
2 0.658221 0.426535 0.156632 0.0784442
2 0.343974 0.481792 0.146574 0.0810113
2 0.717674 0.471567 0.196788 0.0747384
2 0.384796 0.402173 0.0719099 0.0550053
2 0.587532 0.40148 0.110222 0.0640013
2 0.248328 0.480687 0.19384 0.059173
2 0.126017 0.410346 0.0453075 0.0341126
2 0.563139 0.403325 0.0683643 0.0589517
2 0.414361 0.390723 0.115596 0.0541481
