2 0.231434 0.714508 0.360882 0.126145
2 0.844803 0.675489 0.293268 0.143932
2 0.756888 0.601212 0.243191 0.127263
2 0.211848 0.6141 0.266759 0.122212
2 0.214401 0.530325 0.22831 0.0907084
2 0.703651 0.552067 0.20459 0.112488
2 0.299989 0.513579 0.181621 0.092837
2 0.384189 0.41938 0.0856996 0.0606319
2 0.636791 0.410227 0.121563 0.05437
2 0.75525 0.499014 0.194272 0.0796187
2 0.679518 0.438794 0.175698 0.0763081
2 0.76088 0.390398 0.0640259 0.0225158
2 0.127579 0.406575 0.072652 0.0554739
2 0.713674 0.476155 0.184963 0.0574154
