2 0.857382 0.707087 0.284608 0.142063
2 0.202992 0.735213 0.383445 0.0863276
2 0.720249 0.571055 0.22851 0.122751
2 0.774573 0.623757 0.268102 0.135953
2 0.293532 0.525767 0.185274 0.0975882
2 0.203416 0.557294 0.249891 0.11702
2 0.204896 0.643238 0.277807 0.13382
2 0.757249 0.511207 0.19334 0.0834081
2 0.68026 0.447316 0.174353 0.0893962
2 0.712458 0.487891 0.175752 0.0656377
2 0.37482 0.418127 0.101975 0.0690083
2 0.595409 0.398457 0.118417 0.0581665
2 0.648453 0.409401 0.128147 0.0468199
2 0.128851 0.408364 0.0822714 0.0564131
2 0.254809 0.437836 0.239332 0.126023
