2 0.234389 0.711026 0.356465 0.132713
2 0.837674 0.669982 0.293621 0.142736
2 0.756111 0.595712 0.243289 0.129582
2 0.215082 0.611637 0.26659 0.122015
2 0.707272 0.546392 0.208332 0.107278
2 0.215249 0.527503 0.23337 0.0912897
2 0.298631 0.511073 0.185085 0.0918709
2 0.750459 0.495471 0.191325 0.0814391
2 0.384238 0.419053 0.0846235 0.0584255
2 0.676203 0.438403 0.177757 0.0762592
2 0.21461 0.517849 0.206822 0.0725281
2 0.637179 0.409082 0.121606 0.0501978
2 0.13286 0.407184 0.0785339 0.0530847
2 0.759335 0.390277 0.0643039 0.0222759
2 0.693623 0.471714 0.148501 0.0568441
