2 0.833686 0.664242 0.290208 0.143249
2 0.239834 0.707495 0.351831 0.138345
2 0.753232 0.590711 0.238298 0.124419
2 0.213063 0.607434 0.265695 0.122496
2 0.214909 0.515653 0.229504 0.0718207
2 0.301873 0.508614 0.185044 0.09289
2 0.705828 0.549251 0.204385 0.111584
2 0.750701 0.490493 0.190912 0.0736634
2 0.675201 0.437939 0.172241 0.0785637
2 0.133965 0.405679 0.080845 0.0572048
2 0.638629 0.407453 0.11731 0.0472376
2 0.743069 0.477097 0.181837 0.0474739
2 0.384515 0.419008 0.0828651 0.0571237
