2 0.827653 0.700494 0.306243 0.155398
2 0.162993 0.718855 0.325484 0.116075
2 0.746205 0.625078 0.254709 0.140948
2 0.164773 0.611469 0.278904 0.141192
2 0.275448 0.558453 0.212341 0.109289
2 0.765032 0.551358 0.230069 0.10783
2 0.712614 0.512027 0.165598 0.0785163
2 0.683924 0.470235 0.177691 0.0981871
2 0.607616 0.404233 0.116085 0.0623458
2 0.912181 0.763687 0.175639 0.0358339
2 0.125062 0.416225 0.103684 0.0588718
2 0.658766 0.421941 0.138106 0.0603304
2 0.373684 0.40074 0.0995551 0.0441235
2 0.372512 0.431826 0.0890137 0.0658127
2 0.373369 0.442478 0.0820533 0.0474581
2 0.387736 0.446188 0.0507246 0.0410063
2 0.657453 0.432957 0.142933 0.0605373
