2 0.813981 0.676015 0.299053 0.148674
2 0.174323 0.702659 0.31346 0.142849
2 0.282415 0.549407 0.19887 0.103307
2 0.734384 0.606214 0.258634 0.135399
2 0.868413 0.742922 0.263175 0.0692814
2 0.169729 0.594559 0.273857 0.135194
2 0.762411 0.536802 0.212593 0.094547
2 0.683916 0.457508 0.180942 0.088994
2 0.117851 0.414637 0.0762019 0.0548147
2 0.604029 0.403111 0.118724 0.0625612
2 0.709524 0.506728 0.161637 0.076593
2 0.657519 0.43025 0.144438 0.0661107
2 0.390983 0.445366 0.0495717 0.03444
2 0.372608 0.429941 0.0945998 0.0648436
2 0.65873 0.413827 0.13154 0.0454096
2 0.497517 0.401671 0.059551 0.0359169
2 0.966833 0.380053 0.0663342 0.0235969
2 0.106865 0.422871 0.0562536 0.0396847
2 0.665965 0.37502 0.0562013 0.0243487
