2 0.860195 0.722881 0.27961 0.108491
2 0.790015 0.647938 0.272794 0.143206
2 0.190783 0.670845 0.305684 0.137553
2 0.725727 0.588298 0.237112 0.128529
2 0.166762 0.756102 0.30422 0.0472565
2 0.286272 0.537785 0.192646 0.101746
2 0.188379 0.574636 0.25924 0.124874
2 0.596221 0.400885 0.11076 0.0611362
2 0.755367 0.52365 0.211145 0.0911558
2 0.685939 0.447569 0.173879 0.0825851
2 0.373761 0.422358 0.0958416 0.0686592
2 0.704265 0.496298 0.159419 0.0728529
2 0.652928 0.432117 0.140865 0.0744126
2 0.410186 0.394168 0.10235 0.0530147
2 0.253892 0.446405 0.246314 0.136142
2 0.652065 0.413129 0.117766 0.045064
2 0.649822 0.42099 0.133609 0.0566691
