2 0.228399 0.717636 0.362627 0.120399
2 0.850526 0.681466 0.289474 0.144474
2 0.211243 0.620269 0.269344 0.127898
2 0.759144 0.603774 0.246281 0.129587
2 0.211977 0.533841 0.232014 0.0910265
2 0.295777 0.515953 0.191725 0.0928551
2 0.705746 0.556408 0.215574 0.117076
2 0.383478 0.41952 0.0873072 0.0606411
2 0.757363 0.501 0.189025 0.0803173
2 0.127049 0.40605 0.0727358 0.0582613
2 0.638962 0.411123 0.121759 0.0551287
2 0.703362 0.474829 0.166418 0.0650372
2 0.684815 0.442283 0.171354 0.0814875
2 0.762535 0.390094 0.0650299 0.0227882
