2 0.286695 0.647056 0.30153 0.141361
2 0.794576 0.605425 0.257866 0.128929
2 0.718808 0.55575 0.218433 0.114788
2 0.140327 0.758163 0.277134 0.0427635
2 0.665333 0.427062 0.165613 0.0792781
2 0.33275 0.490086 0.161304 0.0856785
2 0.222234 0.566696 0.243145 0.112119
2 0.240949 0.502391 0.215911 0.0877992
2 0.141783 0.399516 0.085825 0.0501469
2 0.871195 0.763029 0.25761 0.0328568
2 0.585034 0.400141 0.112983 0.0579928
2 0.720888 0.478922 0.19906 0.0779877
2 0.232243 0.48997 0.192345 0.061905
2 0.385469 0.404224 0.0751475 0.0581163
2 0.726081 0.462085 0.1689 0.0443611
2 0.328268 0.477878 0.161703 0.0634304
