2 0.291575 0.633188 0.289439 0.139778
2 0.787027 0.594648 0.251242 0.12312
2 0.713932 0.546095 0.216734 0.113526
2 0.162704 0.743919 0.322225 0.0649867
2 0.223088 0.560741 0.227424 0.109574
2 0.834405 0.748113 0.32782 0.0611764
2 0.248351 0.498939 0.207856 0.0891777
2 0.660135 0.426942 0.153734 0.0794231
2 0.33501 0.484923 0.161537 0.0813793
2 0.716322 0.475283 0.199876 0.077549
2 0.384849 0.405417 0.0747714 0.0590056
2 0.247859 0.487172 0.19692 0.0656134
2 0.591814 0.401632 0.112856 0.0642571
2 0.414967 0.391194 0.109409 0.0547054
2 0.144265 0.39713 0.0835328 0.053568
