2 0.861143 0.721065 0.277713 0.111492
2 0.792391 0.645706 0.277617 0.140721
2 0.171802 0.7536 0.308355 0.0508944
2 0.72317 0.587146 0.236945 0.128829
2 0.191724 0.669035 0.298699 0.136398
2 0.287609 0.537046 0.190366 0.102437
2 0.185457 0.578034 0.266192 0.134797
2 0.59612 0.400811 0.110785 0.0610696
2 0.753667 0.521291 0.210223 0.0866552
2 0.682108 0.445954 0.176455 0.075767
2 0.373699 0.421205 0.0960424 0.0708145
2 0.703629 0.487928 0.153168 0.0692675
2 0.410325 0.394195 0.10195 0.0530245
2 0.651152 0.413672 0.115872 0.0447777
2 0.651726 0.432167 0.138006 0.0740648
2 0.253692 0.446117 0.246703 0.135953
2 0.703798 0.503706 0.156745 0.063994
