2 0.179125 0.701464 0.312866 0.146181
2 0.811665 0.672382 0.284169 0.146773
2 0.282512 0.548433 0.19855 0.103246
2 0.867753 0.74125 0.264494 0.0751474
2 0.72918 0.605065 0.260113 0.134691
2 0.17506 0.593534 0.264847 0.135157
2 0.683081 0.45635 0.180644 0.0899794
2 0.603507 0.402635 0.116993 0.0614874
2 0.760928 0.541425 0.216837 0.105582
2 0.709326 0.509784 0.162358 0.0695596
2 0.118532 0.413693 0.0783013 0.055897
2 0.373356 0.429917 0.0936444 0.0642678
2 0.381532 0.441928 0.072188 0.0397873
2 0.655246 0.419872 0.1349 0.0555201
2 0.390431 0.445 0.0517557 0.0343112
2 0.499148 0.402063 0.0557343 0.0357311
2 0.655327 0.429829 0.140285 0.0680624
2 0.665061 0.375088 0.0573802 0.0242626
