2 0.240481 0.70606 0.353629 0.140773
2 0.832788 0.66263 0.295124 0.142183
2 0.753089 0.590533 0.240863 0.125838
2 0.210815 0.6064 0.272679 0.120656
2 0.214937 0.517205 0.236938 0.0753164
2 0.30392 0.509434 0.183114 0.0921625
2 0.704508 0.549026 0.199893 0.112033
2 0.674342 0.437257 0.173248 0.0762677
2 0.74951 0.489117 0.186312 0.0707916
2 0.38573 0.41871 0.0802782 0.0580422
2 0.757172 0.388985 0.0626773 0.0220033
2 0.133318 0.40355 0.0779806 0.0569475
2 0.64008 0.407835 0.111156 0.0475306
2 0.742892 0.47908 0.179442 0.051862
2 0.71365 0.531804 0.211915 0.0764965
