2 0.254903 0.683703 0.316813 0.1512
2 0.813201 0.636043 0.270364 0.13539
2 0.73794 0.575209 0.229355 0.121141
2 0.217122 0.589902 0.259783 0.122302
2 0.317899 0.502177 0.175004 0.0860447
2 0.226093 0.515194 0.215137 0.0891637
2 0.671172 0.432792 0.170894 0.074892
2 0.222379 0.50243 0.197487 0.0638674
2 0.734277 0.483634 0.195308 0.0713489
2 0.137664 0.402755 0.0827258 0.0572748
2 0.708232 0.533108 0.193046 0.0989529
2 0.711165 0.516664 0.202738 0.0653654
2 0.79467 0.380246 0.0427249 0.0181389
2 0.384435 0.410839 0.0818438 0.0654919
2 0.736797 0.472513 0.173097 0.0482262
