2 0.797868 0.659408 0.281893 0.146897
2 0.185881 0.683343 0.31557 0.140468
2 0.864538 0.731177 0.269716 0.0933611
2 0.2846 0.543185 0.194225 0.100808
2 0.728862 0.594073 0.235843 0.132663
2 0.180413 0.582528 0.263689 0.130017
2 0.15525 0.766011 0.27485 0.0315711
2 0.684489 0.452349 0.17496 0.088122
2 0.598495 0.401663 0.113458 0.0618489
2 0.752621 0.525265 0.220168 0.0842292
2 0.374496 0.426435 0.0944391 0.0667463
2 0.704936 0.505379 0.156431 0.06367
2 0.126646 0.410633 0.0919804 0.0634561
2 0.705112 0.492725 0.157294 0.0626339
2 0.65623 0.413818 0.122854 0.0432571
2 0.37643 0.410911 0.0925997 0.0603901
