2 0.856527 0.713838 0.286946 0.122904
2 0.780828 0.636305 0.276232 0.142817
2 0.196276 0.744866 0.360012 0.0670086
2 0.201883 0.658378 0.290227 0.136407
2 0.717599 0.57692 0.221753 0.124832
2 0.28839 0.531147 0.188417 0.0958674
2 0.761438 0.51932 0.192686 0.0916826
2 0.195288 0.56183 0.258611 0.11769
2 0.705785 0.487536 0.155148 0.0683645
2 0.595532 0.400167 0.109535 0.0604783
2 0.681265 0.44354 0.178591 0.0751397
2 0.373393 0.416548 0.102135 0.0749879
2 0.125149 0.407772 0.0814597 0.0620927
2 0.254262 0.442805 0.24331 0.132415
2 0.650077 0.413086 0.113582 0.0449341
2 0.430633 0.399309 0.0586798 0.0428206
