2 0.860187 0.722885 0.279626 0.108543
2 0.78991 0.647918 0.272452 0.143332
2 0.190484 0.670722 0.30587 0.137378
2 0.725987 0.588235 0.237219 0.128367
2 0.166714 0.756103 0.304591 0.0472765
2 0.286359 0.537738 0.192384 0.101509
2 0.187826 0.575213 0.259218 0.12603
2 0.755264 0.523872 0.210997 0.0916367
2 0.596323 0.400928 0.110454 0.0610745
2 0.686179 0.448465 0.173638 0.0836363
2 0.373472 0.42199 0.0966504 0.070301
2 0.704525 0.495674 0.159245 0.0722919
2 0.652799 0.431809 0.141707 0.073912
2 0.652323 0.413242 0.119171 0.0449844
2 0.409751 0.393661 0.101842 0.0539482
2 0.649684 0.421201 0.134192 0.0567213
