2 0.231497 0.712472 0.356115 0.131139
2 0.840882 0.673573 0.298021 0.14522
2 0.757207 0.598938 0.244934 0.129463
2 0.211854 0.613768 0.264101 0.122757
2 0.212982 0.529935 0.234024 0.0954364
2 0.300465 0.512275 0.183766 0.0935686
2 0.710856 0.54783 0.21314 0.108044
2 0.384234 0.419582 0.0854545 0.0593694
2 0.636578 0.409519 0.122222 0.0522721
2 0.751856 0.496666 0.185203 0.0806322
2 0.677564 0.441139 0.178921 0.0809311
2 0.132267 0.407148 0.0802474 0.0538549
2 0.693217 0.471527 0.144802 0.0565311
2 0.760127 0.390121 0.0632226 0.022068
2 0.389788 0.425706 0.0731254 0.0480806
2 0.714371 0.474876 0.186823 0.0537759
