2 0.860892 0.708402 0.278215 0.139348
2 0.203848 0.737 0.38131 0.0825084
2 0.722297 0.572182 0.229321 0.124341
2 0.776271 0.627424 0.270185 0.138279
2 0.29184 0.52755 0.185876 0.0972836
2 0.20217 0.646754 0.282589 0.136756
2 0.198051 0.559249 0.256475 0.119544
2 0.705794 0.485916 0.160384 0.0689763
2 0.760062 0.512297 0.191557 0.0845377
2 0.595616 0.399421 0.110987 0.0597242
2 0.131549 0.40886 0.0877101 0.0565021
2 0.679846 0.44759 0.176614 0.0843678
2 0.254792 0.438464 0.239488 0.126858
2 0.372461 0.415826 0.103798 0.0722564
2 0.649565 0.409968 0.124209 0.0462604
