2 0.267732 0.67123 0.315126 0.149133
2 0.803396 0.625801 0.268811 0.132453
2 0.329666 0.496685 0.157151 0.0859709
2 0.73254 0.567918 0.231674 0.117914
2 0.667722 0.430618 0.168144 0.0792462
2 0.236254 0.512805 0.21064 0.0944098
2 0.221681 0.58892 0.252436 0.131246
2 0.226806 0.497397 0.189099 0.0635871
2 0.138319 0.404313 0.0837142 0.0638252
2 0.719292 0.525191 0.214154 0.095865
2 0.385494 0.409914 0.0798536 0.0646289
2 0.594378 0.397661 0.11125 0.0558432
2 0.732483 0.482551 0.186479 0.074387
2 0.714821 0.511193 0.208802 0.0674984
