2 0.799211 0.614371 0.260621 0.128306
2 0.278867 0.656833 0.303768 0.145578
2 0.724051 0.560489 0.229116 0.115463
2 0.665116 0.426229 0.168287 0.0759811
2 0.239555 0.502214 0.214585 0.0836769
2 0.221351 0.573255 0.247645 0.109755
2 0.329418 0.491929 0.164297 0.084232
2 0.13067 0.765745 0.258685 0.0281122
2 0.590162 0.399963 0.117026 0.0583302
2 0.224959 0.551229 0.243015 0.0676574
2 0.141041 0.40099 0.0836695 0.0528662
2 0.385497 0.408536 0.080129 0.063271
2 0.231326 0.492103 0.193436 0.0614775
2 0.385146 0.398797 0.0750273 0.047272
2 0.321371 0.479287 0.170856 0.059585
2 0.720583 0.481586 0.195909 0.0788849
2 0.41696 0.394378 0.0924997 0.048699
2 0.715995 0.50113 0.20187 0.0543159
