2 0.220834 0.720422 0.375132 0.113596
2 0.85367 0.68668 0.291336 0.146803
2 0.764713 0.606643 0.254279 0.132221
2 0.208585 0.625693 0.270055 0.129895
2 0.209963 0.534605 0.233117 0.0880077
2 0.295932 0.517813 0.189257 0.0922856
2 0.709178 0.560117 0.216112 0.121508
2 0.382988 0.420133 0.0879084 0.0619836
2 0.128867 0.408701 0.0748486 0.0551762
2 0.755861 0.503559 0.189485 0.0801279
2 0.699917 0.47625 0.155467 0.0627092
2 0.681468 0.442349 0.172627 0.0794991
2 0.641213 0.410366 0.120294 0.0547893
2 0.765171 0.38908 0.0658637 0.0230379
