2 0.215118 0.723354 0.375976 0.108317
2 0.855625 0.690851 0.288751 0.148148
2 0.764943 0.611112 0.254131 0.13372
2 0.206933 0.629618 0.269811 0.127642
2 0.21143 0.539454 0.241869 0.0949613
2 0.294009 0.5188 0.187968 0.0923952
2 0.713664 0.560818 0.218106 0.122589
2 0.756533 0.504947 0.189453 0.0813583
2 0.380793 0.420436 0.0895825 0.0621437
2 0.127342 0.409805 0.0725869 0.054384
2 0.681068 0.439719 0.177266 0.0732981
2 0.697956 0.476795 0.142776 0.0622845
2 0.640611 0.409586 0.121406 0.0508107
2 0.594039 0.397764 0.105138 0.0554253
2 0.736945 0.59045 0.241872 0.0913706
