2 0.163464 0.72009 0.325393 0.114941
2 0.831815 0.701566 0.311549 0.153838
2 0.746372 0.626572 0.255666 0.140045
2 0.162971 0.612714 0.281085 0.141907
2 0.762951 0.5534 0.233772 0.107894
2 0.272812 0.559574 0.214465 0.1113
2 0.712737 0.512811 0.166499 0.0802021
2 0.607368 0.404111 0.116259 0.0623314
2 0.685027 0.470333 0.177985 0.0983709
2 0.125601 0.416303 0.103975 0.0579488
2 0.662273 0.419782 0.132868 0.0560543
2 0.372368 0.439736 0.0849214 0.054072
2 0.914555 0.765173 0.168744 0.032711
2 0.385669 0.445861 0.0555608 0.0426008
2 0.659659 0.429229 0.137482 0.0614884
2 0.373596 0.403597 0.100838 0.0494969
2 0.491519 0.401675 0.0726427 0.0369295
