2 0.82466 0.68975 0.302206 0.147981
2 0.733161 0.617451 0.275088 0.138526
2 0.167902 0.711734 0.325684 0.131334
2 0.897386 0.754146 0.205228 0.0509195
2 0.166504 0.604073 0.279556 0.136966
2 0.279462 0.553496 0.207539 0.103113
2 0.712993 0.508199 0.169284 0.0803194
2 0.769417 0.539526 0.207137 0.0919702
2 0.683274 0.466964 0.176458 0.0975021
2 0.117406 0.416274 0.0828055 0.056236
2 0.607258 0.40306 0.115924 0.0627605
2 0.374429 0.441833 0.0824973 0.0435211
2 0.247857 0.459795 0.256392 0.149572
2 0.658151 0.430543 0.139337 0.0562395
2 0.371628 0.43105 0.0931159 0.065517
2 0.374155 0.400396 0.098596 0.0425199
2 0.389509 0.44515 0.0490492 0.037657
2 0.490708 0.400788 0.070872 0.0378955
2 0.434072 0.401033 0.0439312 0.0379405
