2 0.829958 0.697442 0.309437 0.159176
2 0.16335 0.716113 0.322797 0.120241
2 0.740467 0.622243 0.262447 0.137772
2 0.277774 0.558109 0.210499 0.107297
2 0.164007 0.609334 0.281831 0.139542
2 0.766241 0.550578 0.226419 0.108516
2 0.712459 0.510173 0.165107 0.0789671
2 0.683369 0.468277 0.176889 0.0990759
2 0.906905 0.760576 0.186189 0.0384397
2 0.607112 0.404043 0.115321 0.0623172
2 0.1252 0.416471 0.102379 0.0574148
2 0.657764 0.423329 0.136337 0.0629395
2 0.373687 0.443122 0.0824723 0.0445711
2 0.373693 0.402714 0.100534 0.0478039
2 0.372579 0.431409 0.0891656 0.0654288
2 0.388326 0.445395 0.0508821 0.0410275
