2 0.85968 0.723832 0.28064 0.10622
2 0.792047 0.648625 0.273753 0.14379
2 0.192294 0.672735 0.305831 0.138792
2 0.726532 0.5888 0.239137 0.13002
2 0.166882 0.757129 0.303522 0.0454741
2 0.285621 0.538913 0.193826 0.101055
2 0.190735 0.571541 0.255124 0.117101
2 0.753845 0.524497 0.214502 0.0921644
2 0.602139 0.401018 0.134032 0.0615312
2 0.685964 0.448763 0.173263 0.0834404
2 0.373875 0.422072 0.096594 0.0709814
2 0.704056 0.496756 0.158612 0.072659
2 0.653093 0.432225 0.14337 0.0745828
2 0.652681 0.417427 0.127263 0.0546272
2 0.408233 0.392758 0.10767 0.0558269
2 0.126788 0.409053 0.0886596 0.0625296
