2 0.783793 0.587413 0.244674 0.121813
2 0.294577 0.624 0.278212 0.135211
2 0.172551 0.737498 0.342988 0.0809514
2 0.827276 0.739309 0.344316 0.0748536
2 0.225849 0.555361 0.224584 0.105629
2 0.708277 0.540729 0.212676 0.112895
2 0.250174 0.495891 0.198937 0.0882299
2 0.343237 0.481453 0.150338 0.0804775
2 0.658915 0.425697 0.160017 0.0791787
2 0.589145 0.401144 0.112505 0.0636494
2 0.717296 0.470617 0.197125 0.0736309
2 0.38355 0.402076 0.0724744 0.0529709
2 0.126079 0.410051 0.0495894 0.0347569
2 0.252308 0.479837 0.191003 0.057439
2 0.570263 0.402109 0.0801198 0.0615658
2 0.410614 0.388398 0.106146 0.051764
