2 0.819336 0.682302 0.297809 0.148052
2 0.170291 0.708791 0.324299 0.137469
2 0.282225 0.552055 0.200116 0.1035
2 0.737436 0.612579 0.262808 0.138698
2 0.167795 0.597588 0.277213 0.137732
2 0.886784 0.748899 0.225321 0.0604242
2 0.767865 0.538922 0.208855 0.0937971
2 0.716989 0.508768 0.174698 0.0765127
2 0.683064 0.461927 0.180133 0.0943597
2 0.605178 0.403375 0.11524 0.0630383
2 0.12246 0.414625 0.0918945 0.0571586
2 0.656953 0.429637 0.146126 0.0627432
2 0.37177 0.430456 0.0942419 0.0650166
2 0.374501 0.440017 0.0834144 0.0450709
2 0.487897 0.39917 0.0755149 0.0408076
2 0.659438 0.41559 0.132389 0.0495541
2 0.433093 0.400921 0.0437698 0.0379766
2 0.389745 0.444225 0.0503492 0.0374416
2 0.374377 0.401613 0.0979232 0.0457179
2 0.107347 0.419174 0.0614354 0.0487618
