2 0.857121 0.712414 0.285758 0.12707
2 0.781976 0.634764 0.279605 0.141088
2 0.719358 0.575618 0.222952 0.12556
2 0.200552 0.654539 0.286474 0.135593
2 0.200627 0.742204 0.366974 0.0707684
2 0.289409 0.530107 0.18892 0.0962191
2 0.705949 0.487656 0.154947 0.0679098
2 0.197238 0.564546 0.254005 0.124387
2 0.761053 0.518481 0.191773 0.093248
2 0.596234 0.400084 0.109314 0.0606745
2 0.680276 0.443661 0.179722 0.0746908
2 0.373113 0.416844 0.102615 0.0736435
2 0.124646 0.409782 0.0766034 0.0562383
2 0.254426 0.441325 0.242481 0.130469
2 0.652095 0.413564 0.121044 0.0433805
2 0.4269 0.398656 0.0648022 0.0445517
