2 0.861279 0.708851 0.277442 0.137653
2 0.206712 0.737606 0.36725 0.07794
2 0.77663 0.629422 0.268418 0.138909
2 0.72467 0.573058 0.232539 0.124447
2 0.291375 0.528206 0.187423 0.0968004
2 0.201807 0.649744 0.286232 0.137044
2 0.705174 0.486984 0.157407 0.0694969
2 0.196847 0.556461 0.257985 0.110869
2 0.762308 0.515612 0.192175 0.0898205
2 0.601229 0.400116 0.134689 0.0599238
2 0.680655 0.444886 0.177472 0.0778042
2 0.131749 0.40859 0.0885504 0.0565194
2 0.650217 0.410023 0.120939 0.0466229
2 0.372934 0.416267 0.103789 0.0732306
2 0.250524 0.439169 0.229334 0.127703
