2 0.158378 0.725656 0.314833 0.10317
2 0.834455 0.706223 0.313963 0.13981
2 0.750394 0.63709 0.262972 0.142096
2 0.272222 0.565125 0.218236 0.111962
2 0.157892 0.621035 0.287465 0.14413
2 0.767222 0.554715 0.236835 0.104709
2 0.685059 0.473449 0.176138 0.097642
2 0.71358 0.517134 0.173147 0.081333
2 0.612899 0.404683 0.121005 0.060678
2 0.688269 0.458732 0.174714 0.0697899
2 0.123241 0.417029 0.10768 0.0614409
2 0.382877 0.446803 0.0552041 0.0430914
2 0.662724 0.419457 0.134913 0.0527079
2 0.660378 0.431522 0.14231 0.0646293
2 0.71037 0.505529 0.178279 0.0610899
2 0.663657 0.413019 0.128337 0.0386121
2 0.369696 0.433574 0.0898422 0.0688683
2 0.372815 0.408984 0.103496 0.0603248
2 0.496991 0.401768 0.0607685 0.0352465
