2 0.286866 0.638414 0.287754 0.142116
2 0.789707 0.599136 0.250222 0.12484
2 0.16682 0.749365 0.330799 0.058391
2 0.7167 0.54965 0.213166 0.112263
2 0.860213 0.752453 0.275992 0.0507877
2 0.662211 0.427728 0.157456 0.0765798
2 0.224621 0.563416 0.235504 0.111024
2 0.244343 0.496975 0.203601 0.0837129
2 0.3325 0.485846 0.162618 0.0800863
2 0.143565 0.399433 0.0823989 0.0506067
2 0.244338 0.486275 0.192284 0.0616903
2 0.384357 0.404859 0.0738013 0.0589502
2 0.725601 0.459775 0.163475 0.0422697
2 0.718131 0.475906 0.196838 0.0754175
2 0.589564 0.402209 0.108285 0.063737
2 0.414257 0.391185 0.108441 0.0554839
