2 0.287882 0.644107 0.29489 0.140383
2 0.792999 0.603139 0.255642 0.128149
2 0.14502 0.755074 0.28632 0.047747
2 0.71909 0.553725 0.217865 0.111549
2 0.664839 0.427926 0.163596 0.0788202
2 0.332975 0.488955 0.15904 0.0839318
2 0.242768 0.497893 0.210195 0.0824683
2 0.223593 0.566699 0.239341 0.111317
2 0.867873 0.760555 0.262767 0.0381564
2 0.141777 0.399268 0.08583 0.048787
2 0.38496 0.403741 0.075092 0.0567888
2 0.586444 0.401619 0.108976 0.0618595
2 0.7181 0.4798 0.19793 0.0804067
2 0.723892 0.460827 0.166821 0.0422001
