2 0.254864 0.689856 0.330464 0.151216
2 0.816119 0.643242 0.275622 0.13702
2 0.744242 0.578827 0.234554 0.123797
2 0.217061 0.592267 0.262029 0.118997
2 0.671775 0.435641 0.172717 0.0776892
2 0.225491 0.514426 0.211202 0.0804577
2 0.731655 0.486424 0.209715 0.0722897
2 0.315388 0.503342 0.172239 0.0879872
2 0.703353 0.541607 0.198289 0.110629
2 0.38572 0.415799 0.078378 0.0607111
2 0.799095 0.38036 0.0427497 0.018774
2 0.750847 0.388951 0.052035 0.0202628
2 0.71294 0.52233 0.206718 0.07372
2 0.134819 0.401574 0.0782288 0.0554299
2 0.642024 0.406788 0.106558 0.0442687
