2 0.836983 0.708908 0.317758 0.136689
2 0.154832 0.729566 0.306937 0.0958788
2 0.752218 0.639694 0.272101 0.14046
2 0.271212 0.568863 0.218527 0.110538
2 0.155522 0.623268 0.288214 0.14495
2 0.770705 0.558077 0.233843 0.109433
2 0.685571 0.473702 0.176548 0.099015
2 0.688125 0.457339 0.176491 0.0669347
2 0.714035 0.517781 0.172831 0.081461
2 0.124344 0.414155 0.113273 0.0658135
2 0.614339 0.404973 0.118332 0.0620458
2 0.664579 0.417892 0.133014 0.0471349
2 0.372526 0.406084 0.104726 0.0540037
2 0.383018 0.447198 0.0526137 0.0426318
2 0.36979 0.434292 0.0882506 0.0672492
2 0.496315 0.402152 0.0580558 0.034337
2 0.616314 0.396273 0.110505 0.0442917
2 0.662699 0.429741 0.139343 0.0643104
