2 0.286658 0.64892 0.300544 0.142331
2 0.795896 0.60715 0.260305 0.129621
2 0.721403 0.556699 0.219567 0.115296
2 0.664904 0.426513 0.165907 0.0785796
2 0.138988 0.759994 0.273343 0.0399799
2 0.330688 0.490694 0.163152 0.0858013
2 0.240881 0.501785 0.216318 0.086051
2 0.223872 0.568558 0.246066 0.111718
2 0.142246 0.399419 0.0830044 0.0495349
2 0.232665 0.48998 0.191813 0.0612032
2 0.385908 0.40742 0.0768611 0.0637157
2 0.721331 0.478464 0.197401 0.0772047
2 0.58717 0.400517 0.113491 0.0586517
2 0.875666 0.764083 0.248669 0.0304427
