2 0.810319 0.631231 0.268866 0.132435
2 0.260771 0.678241 0.318479 0.149895
2 0.736304 0.57118 0.227467 0.118545
2 0.319843 0.499675 0.176776 0.0867594
2 0.668594 0.429926 0.170578 0.0744701
2 0.218618 0.589926 0.253953 0.127731
2 0.230955 0.516721 0.213314 0.0977493
2 0.715337 0.531916 0.205645 0.104361
2 0.733474 0.484131 0.202895 0.0752146
2 0.136455 0.403313 0.0809769 0.0548715
2 0.223296 0.501167 0.199228 0.0655993
2 0.38467 0.410729 0.0814533 0.0657993
2 0.713524 0.512645 0.202676 0.0632919
