2 0.804447 0.664485 0.282243 0.146124
2 0.283164 0.545761 0.196619 0.102894
2 0.863396 0.736181 0.270945 0.0832468
2 0.181758 0.692151 0.312693 0.144395
2 0.726607 0.599427 0.243397 0.136538
2 0.175257 0.585183 0.268049 0.128956
2 0.682906 0.454885 0.178 0.0894295
2 0.602148 0.402033 0.113565 0.060636
2 0.755187 0.532479 0.22078 0.0935608
2 0.121168 0.413129 0.0869731 0.0578552
2 0.711077 0.511391 0.166369 0.0610327
2 0.707727 0.499565 0.161959 0.0755939
2 0.375065 0.429109 0.0928106 0.0639563
2 0.378459 0.438837 0.0812263 0.0449843
2 0.657318 0.412211 0.124762 0.041479
2 0.390325 0.444097 0.0543715 0.0351488
2 0.376331 0.408537 0.0933138 0.058403
