2 0.274496 0.661889 0.316345 0.146184
2 0.800776 0.61759 0.264962 0.130963
2 0.728419 0.56398 0.232521 0.117984
2 0.665937 0.428498 0.168058 0.0764061
2 0.329068 0.494244 0.164401 0.0859527
2 0.237901 0.50822 0.216627 0.0932619
2 0.22238 0.578644 0.244961 0.115624
2 0.386076 0.409035 0.0792526 0.0635963
2 0.224928 0.550643 0.241302 0.0611321
2 0.590299 0.399762 0.117893 0.0593447
2 0.726252 0.482782 0.191436 0.0795233
2 0.140335 0.402074 0.0822519 0.0559069
2 0.125361 0.76984 0.243796 0.0212705
2 0.230367 0.494303 0.194481 0.0621349
2 0.714204 0.501789 0.197892 0.0511013
2 0.322043 0.482934 0.172411 0.062335
