2 0.184678 0.685658 0.317017 0.140798
2 0.863412 0.732692 0.272404 0.0911709
2 0.799766 0.660909 0.282348 0.145992
2 0.725985 0.595613 0.234172 0.136383
2 0.284699 0.543877 0.19473 0.10051
2 0.179575 0.583057 0.267694 0.130241
2 0.684372 0.44838 0.175884 0.079577
2 0.599499 0.401692 0.11287 0.0618168
2 0.15383 0.765666 0.274521 0.0321919
2 0.754227 0.526741 0.217082 0.0853825
2 0.704662 0.503562 0.156497 0.0679516
2 0.375319 0.426859 0.0933228 0.0666033
2 0.121102 0.413141 0.0791401 0.0576704
2 0.656297 0.412752 0.124887 0.0439528
2 0.379194 0.43681 0.0808228 0.0474857
2 0.3769 0.411726 0.0925885 0.0499457
