2 0.291033 0.628586 0.285794 0.13665
2 0.785329 0.591218 0.244848 0.123855
2 0.711822 0.544455 0.212275 0.112381
2 0.829981 0.74398 0.334897 0.065284
2 0.168441 0.740554 0.335239 0.0701445
2 0.224012 0.558381 0.228147 0.109969
2 0.247204 0.497231 0.208422 0.0878127
2 0.657758 0.42663 0.153417 0.0788895
2 0.347016 0.483601 0.140904 0.082374
2 0.716093 0.473506 0.198773 0.0758602
2 0.385155 0.403499 0.0728321 0.0551807
2 0.589117 0.400877 0.112999 0.0630514
2 0.125632 0.410228 0.0467696 0.0324254
2 0.413926 0.390869 0.112823 0.0545994
