2 0.164557 0.721005 0.325564 0.113015
2 0.830492 0.702178 0.316166 0.152224
2 0.746708 0.628075 0.25496 0.139864
2 0.163566 0.614199 0.278444 0.142152
2 0.771651 0.555407 0.231024 0.110668
2 0.273645 0.560746 0.215209 0.111385
2 0.713498 0.515274 0.172146 0.0799239
2 0.685348 0.471725 0.176634 0.0973454
2 0.608077 0.403573 0.119192 0.0611336
2 0.688407 0.457655 0.174078 0.0710421
2 0.709612 0.503163 0.168922 0.0615929
2 0.125399 0.416807 0.106311 0.059733
2 0.382395 0.44568 0.061625 0.0436907
2 0.662574 0.419696 0.133071 0.0556014
2 0.372694 0.442303 0.0831119 0.0498646
2 0.659175 0.431326 0.140623 0.0582609
2 0.372156 0.432808 0.089947 0.0670052
2 0.373088 0.403621 0.101427 0.0495847
