2 0.210812 0.725831 0.381184 0.101676
2 0.854759 0.696963 0.290483 0.14731
2 0.766328 0.61443 0.254718 0.133841
2 0.206928 0.633067 0.27586 0.130542
2 0.295376 0.519796 0.181666 0.0938562
2 0.718877 0.563093 0.225908 0.124234
2 0.211567 0.536792 0.230243 0.0874241
2 0.753341 0.506644 0.197408 0.0836823
2 0.381268 0.420225 0.0899785 0.0639811
2 0.680205 0.440369 0.179356 0.0754561
2 0.127577 0.407555 0.0759714 0.0582941
2 0.640503 0.409598 0.121808 0.0502728
2 0.700328 0.476967 0.147669 0.0683421
