2 0.860108 0.708021 0.279773 0.140099
2 0.201778 0.73673 0.384051 0.0834259
2 0.721277 0.571771 0.229049 0.123758
2 0.776399 0.626726 0.270817 0.138631
2 0.292885 0.526253 0.186506 0.0978908
2 0.199162 0.558855 0.255139 0.120213
2 0.20387 0.645572 0.280786 0.135306
2 0.761694 0.512255 0.188915 0.0844153
2 0.707371 0.485446 0.164277 0.0702243
2 0.595157 0.399263 0.109482 0.060319
2 0.680765 0.447179 0.17687 0.0846449
2 0.6495 0.409282 0.126244 0.0465759
2 0.130735 0.408525 0.0871459 0.0548445
2 0.373824 0.416188 0.102082 0.0722014
2 0.252932 0.43754 0.234255 0.125629
