2 0.244782 0.70547 0.34599 0.142985
2 0.833252 0.659676 0.298065 0.139804
2 0.752683 0.589057 0.240416 0.125782
2 0.211523 0.606368 0.27517 0.122666
2 0.211783 0.516659 0.239275 0.0774101
2 0.309182 0.508083 0.175045 0.0922946
2 0.703722 0.548149 0.198701 0.11203
2 0.673255 0.43671 0.174964 0.0751082
2 0.748643 0.489882 0.190273 0.0736151
2 0.756203 0.38879 0.0602475 0.0217998
2 0.64087 0.407722 0.10877 0.0476433
2 0.13206 0.404387 0.0757748 0.0546611
2 0.385932 0.418702 0.078615 0.0580084
2 0.592539 0.396704 0.112365 0.0514328
