2 0.267513 0.671277 0.315324 0.149164
2 0.803885 0.625982 0.26793 0.132466
2 0.326742 0.496914 0.163207 0.0866325
2 0.732741 0.567912 0.231892 0.117835
2 0.66806 0.429767 0.16836 0.0782345
2 0.236682 0.512911 0.210467 0.0947505
2 0.221649 0.58863 0.252348 0.130725
2 0.227103 0.497426 0.189452 0.0638689
2 0.720075 0.526745 0.21554 0.0995836
2 0.138357 0.404799 0.0836665 0.0645777
2 0.38538 0.409821 0.0801405 0.0649069
2 0.594538 0.397599 0.111809 0.0560589
2 0.731379 0.482571 0.187328 0.0743121
2 0.715068 0.511522 0.208783 0.0679033
