2 0.797089 0.61192 0.25934 0.127112
2 0.281017 0.65394 0.299668 0.143117
2 0.722827 0.559289 0.223403 0.114228
2 0.664706 0.426727 0.1681 0.0751682
2 0.222657 0.573044 0.251603 0.11177
2 0.239288 0.500797 0.216945 0.0825677
2 0.132424 0.763581 0.261129 0.0319332
2 0.329778 0.489988 0.162701 0.0825813
2 0.140754 0.401295 0.0836081 0.0496577
2 0.230215 0.490471 0.190758 0.0616303
2 0.588109 0.400246 0.119246 0.0574456
2 0.385387 0.408364 0.0806377 0.0640302
2 0.384443 0.398828 0.074861 0.0472877
2 0.32297 0.478543 0.168619 0.0590151
2 0.719859 0.482094 0.19982 0.0815302
