2 0.812905 0.634847 0.268239 0.134977
2 0.257669 0.682961 0.319375 0.150932
2 0.737173 0.574105 0.229723 0.119641
2 0.318249 0.501624 0.176393 0.0856692
2 0.220662 0.590482 0.267148 0.125215
2 0.22545 0.515951 0.218181 0.0910665
2 0.670543 0.431904 0.171092 0.074661
2 0.734094 0.482947 0.190858 0.0707939
2 0.222251 0.502464 0.202079 0.0649198
2 0.137088 0.402886 0.0817822 0.0550223
2 0.384565 0.411128 0.081511 0.0652536
2 0.708924 0.535468 0.194596 0.104429
2 0.736676 0.472869 0.171898 0.0499451
2 0.712095 0.515101 0.201705 0.0630671
2 0.79402 0.380044 0.0432848 0.018848
