2 0.284929 0.650569 0.299737 0.143121
2 0.796637 0.609481 0.262545 0.128035
2 0.72344 0.558602 0.218957 0.113275
2 0.664622 0.426428 0.164513 0.0758963
2 0.223662 0.571512 0.246789 0.114778
2 0.33072 0.492019 0.16444 0.0868182
2 0.242689 0.501803 0.212661 0.0859805
2 0.136535 0.761537 0.267393 0.0363343
2 0.141559 0.401105 0.0857563 0.0548653
2 0.385657 0.40749 0.0771601 0.0637262
2 0.720109 0.478865 0.198044 0.077718
2 0.233499 0.49001 0.191508 0.0614712
2 0.58732 0.399826 0.112732 0.0580914
2 0.877935 0.76599 0.240331 0.0290929
2 0.713413 0.495069 0.195513 0.0549124
