2 0.809139 0.670745 0.283962 0.148308
2 0.283243 0.54746 0.198257 0.101966
2 0.179519 0.699991 0.311589 0.147432
2 0.868908 0.740092 0.262184 0.0773046
2 0.730817 0.604404 0.247142 0.135019
2 0.172564 0.590311 0.268168 0.132854
2 0.682616 0.455007 0.179615 0.0889355
2 0.60365 0.402568 0.115723 0.0612585
2 0.758442 0.539139 0.218138 0.101987
2 0.709788 0.511485 0.163155 0.0650789
2 0.11887 0.413511 0.0793761 0.0552017
2 0.710436 0.498295 0.167007 0.0784492
2 0.373569 0.429892 0.0943329 0.063978
2 0.500964 0.403949 0.0470267 0.0341614
2 0.380025 0.441036 0.0759576 0.0415957
2 0.390065 0.444774 0.0528746 0.0350592
2 0.664806 0.374657 0.0582742 0.0250143
2 0.65596 0.420467 0.13391 0.0566384
