2 0.252798 0.695768 0.328683 0.153919
2 0.821793 0.647439 0.278516 0.138685
2 0.215191 0.594268 0.272383 0.118859
2 0.746549 0.582382 0.236557 0.123063
2 0.224372 0.513713 0.214006 0.0766531
2 0.671798 0.434722 0.171397 0.0756704
2 0.732986 0.486339 0.197268 0.0691299
2 0.312569 0.503583 0.17142 0.0883631
2 0.701143 0.542063 0.197675 0.109714
2 0.385369 0.415341 0.0810623 0.0616301
2 0.801055 0.380686 0.0441887 0.0190441
2 0.751755 0.388992 0.0521481 0.019618
2 0.739714 0.480582 0.173092 0.0548775
2 0.592648 0.398523 0.11857 0.0567906
2 0.715068 0.524681 0.206905 0.0744839
