2 0.859913 0.710103 0.280173 0.133317
2 0.207079 0.739572 0.364647 0.0763927
2 0.779054 0.630745 0.270527 0.137953
2 0.720932 0.574566 0.224666 0.126395
2 0.291728 0.529112 0.184977 0.096063
2 0.201018 0.650983 0.284989 0.13634
2 0.705005 0.487212 0.15749 0.0708942
2 0.200971 0.559703 0.252115 0.117851
2 0.761744 0.517242 0.188707 0.0914482
2 0.597021 0.399684 0.111368 0.0597727
2 0.680467 0.445344 0.178411 0.077997
2 0.127935 0.408064 0.0788251 0.0574935
2 0.373024 0.416821 0.1037 0.0729756
2 0.651137 0.410812 0.125677 0.0453525
2 0.252226 0.440855 0.236089 0.129893
