2 0.823152 0.689019 0.299396 0.147784
2 0.895185 0.753172 0.207534 0.0494166
2 0.737682 0.616601 0.267736 0.137817
2 0.170134 0.711367 0.326468 0.129374
2 0.167257 0.602228 0.278078 0.138561
2 0.280073 0.553886 0.206409 0.103946
2 0.712913 0.508105 0.169403 0.0786456
2 0.768496 0.540841 0.208067 0.0950364
2 0.683437 0.466144 0.175952 0.0971373
2 0.117342 0.416065 0.0833251 0.0562421
2 0.607813 0.40309 0.116108 0.0627518
2 0.374013 0.440725 0.0835164 0.0454741
2 0.657113 0.43074 0.140971 0.0575447
2 0.371559 0.431007 0.0931715 0.0653557
2 0.247741 0.459172 0.25649 0.148838
2 0.374313 0.400332 0.0989154 0.0425347
2 0.389469 0.444878 0.0493301 0.0380266
2 0.433676 0.400909 0.0437314 0.0380194
2 0.489332 0.399371 0.0730552 0.0406328
