2 0.26461 0.669061 0.313019 0.146289
2 0.803122 0.623938 0.265893 0.132178
2 0.731125 0.566939 0.233215 0.118326
2 0.328409 0.496249 0.160919 0.0859186
2 0.666865 0.430017 0.167711 0.0780506
2 0.236594 0.511187 0.207525 0.0920912
2 0.223969 0.585745 0.254492 0.125939
2 0.227669 0.496847 0.186876 0.063621
2 0.385561 0.41007 0.0798364 0.0635299
2 0.73166 0.481181 0.185135 0.0722881
2 0.591689 0.398404 0.108257 0.0571706
2 0.720664 0.521886 0.216408 0.0890234
2 0.224283 0.557209 0.250133 0.0722611
2 0.138022 0.407318 0.0823293 0.0717818
