2 0.217731 0.722934 0.376131 0.108945
2 0.855375 0.690223 0.289251 0.148203
2 0.765082 0.609957 0.254257 0.132881
2 0.207189 0.629162 0.269657 0.126586
2 0.212116 0.539218 0.239669 0.0949042
2 0.294696 0.518566 0.186716 0.0924188
2 0.711616 0.561041 0.216211 0.121364
2 0.755853 0.504824 0.191355 0.0809597
2 0.381929 0.419786 0.0888521 0.06253
2 0.126934 0.409217 0.0725739 0.0550129
2 0.742818 0.592418 0.252395 0.096294
2 0.698954 0.476364 0.147455 0.0618834
2 0.681115 0.440767 0.176877 0.0754934
2 0.640585 0.409694 0.121079 0.0512614
2 0.592933 0.397099 0.104387 0.0538127
2 0.432233 0.401796 0.0534165 0.0367923
