2 0.257395 0.687287 0.320624 0.150299
2 0.815492 0.640432 0.272826 0.135877
2 0.742054 0.577262 0.228231 0.123742
2 0.216057 0.590961 0.258227 0.116944
2 0.226369 0.516498 0.213099 0.0893515
2 0.315904 0.50317 0.175804 0.0878193
2 0.672249 0.434352 0.170885 0.0760264
2 0.735901 0.484746 0.191045 0.069633
2 0.222473 0.504527 0.198914 0.0654538
2 0.704991 0.539541 0.193682 0.108057
2 0.135484 0.40086 0.0796899 0.0534472
2 0.796857 0.380103 0.0417587 0.0172786
2 0.714324 0.521521 0.212378 0.0743949
2 0.384243 0.412153 0.081884 0.0660791
2 0.86878 0.37946 0.041411 0.0196426
2 0.7491 0.389297 0.0504265 0.0208273
