2 0.821459 0.687131 0.30027 0.150291
2 0.892981 0.751185 0.211795 0.0528595
2 0.168555 0.710413 0.323703 0.134527
2 0.167768 0.599381 0.277256 0.13873
2 0.737815 0.615221 0.270781 0.137842
2 0.280196 0.553645 0.204455 0.103111
2 0.766673 0.535387 0.212394 0.0852451
2 0.712396 0.50742 0.165821 0.0775656
2 0.682991 0.465579 0.176033 0.0975708
2 0.122762 0.415076 0.0929559 0.0574338
2 0.606769 0.403056 0.11503 0.0622773
2 0.371969 0.430778 0.0931525 0.0649951
2 0.374387 0.43856 0.0835837 0.0485025
2 0.247786 0.457645 0.257742 0.146122
2 0.657157 0.429871 0.141909 0.058659
2 0.388817 0.444305 0.05146 0.0380683
2 0.374635 0.401342 0.0985569 0.0448653
2 0.432957 0.401044 0.0449556 0.0380531
2 0.489577 0.400119 0.0735251 0.039584
