2 0.213374 0.724888 0.383708 0.105287
2 0.854586 0.694864 0.290828 0.148216
2 0.763901 0.612996 0.253746 0.134031
2 0.294688 0.519592 0.182949 0.0936573
2 0.206317 0.632385 0.274715 0.130066
2 0.213285 0.536274 0.226983 0.087913
2 0.714983 0.562102 0.22067 0.121634
2 0.756122 0.505851 0.1925 0.0824552
2 0.381396 0.42017 0.0896337 0.0640326
2 0.680863 0.439068 0.177431 0.0725235
2 0.128921 0.408121 0.0779182 0.0568966
2 0.698912 0.478332 0.145788 0.0690629
2 0.641026 0.409608 0.121732 0.0503155
2 0.595123 0.397762 0.107067 0.0554526
