2 0.842723 0.716796 0.311667 0.124438
2 0.267149 0.574708 0.227034 0.111754
2 0.152216 0.737894 0.301396 0.0770527
2 0.15091 0.633622 0.287566 0.1493
2 0.757689 0.651563 0.276815 0.147768
2 0.772055 0.556181 0.232038 0.0953524
2 0.684642 0.475513 0.176033 0.101549
2 0.719589 0.519934 0.156526 0.0821215
2 0.121431 0.417393 0.11519 0.0605291
2 0.61744 0.404842 0.119311 0.0608814
2 0.367347 0.408461 0.113181 0.0589405
2 0.688511 0.457428 0.175139 0.0661446
2 0.666414 0.41764 0.133333 0.0437847
2 0.494089 0.402275 0.0586929 0.0346115
2 0.38207 0.451214 0.0502163 0.0397404
