2 0.297495 0.622313 0.283018 0.133941
2 0.782251 0.58631 0.247324 0.122089
2 0.172038 0.736531 0.343105 0.0832794
2 0.829224 0.737583 0.341267 0.0800766
2 0.229532 0.553682 0.226377 0.1021
2 0.706993 0.540957 0.21572 0.110649
2 0.250274 0.4931 0.197869 0.0832191
2 0.342651 0.480534 0.152069 0.0804265
2 0.658765 0.424778 0.160154 0.0790366
2 0.591304 0.401311 0.113923 0.0638101
2 0.383981 0.402791 0.0736907 0.0545641
2 0.716353 0.469532 0.196371 0.0731407
2 0.147941 0.40278 0.0829144 0.0574007
2 0.252097 0.47989 0.189243 0.0577862
2 0.127306 0.410115 0.0495095 0.0369104
2 0.411072 0.388252 0.106146 0.0514078
