2 0.862444 0.734375 0.274067 0.0880313
2 0.182194 0.690418 0.316411 0.145229
2 0.801226 0.66282 0.28116 0.147028
2 0.284371 0.5449 0.19537 0.100803
2 0.727295 0.599437 0.241402 0.136371
2 0.179334 0.585052 0.26628 0.128645
2 0.682889 0.452663 0.179299 0.0858547
2 0.601551 0.401616 0.113348 0.0609248
2 0.755677 0.528071 0.218406 0.0858747
2 0.375268 0.4278 0.0929291 0.0655288
2 0.70621 0.496597 0.15901 0.0681539
2 0.70921 0.508213 0.164574 0.0634412
2 0.378552 0.43724 0.0814869 0.0472675
2 0.157394 0.769472 0.261261 0.0282998
2 0.656723 0.412955 0.125675 0.042496
2 0.126232 0.412003 0.0952716 0.0579231
2 0.376697 0.40941 0.093534 0.0537296
