2 0.178942 0.701433 0.31287 0.146144
2 0.811785 0.67235 0.284492 0.146703
2 0.282409 0.548378 0.198782 0.103224
2 0.867701 0.741271 0.264598 0.0751368
2 0.728839 0.605112 0.259274 0.134666
2 0.175005 0.593415 0.265089 0.134891
2 0.682992 0.456469 0.180164 0.0897675
2 0.603375 0.402699 0.115814 0.0612197
2 0.760859 0.541818 0.217081 0.106273
2 0.709267 0.510129 0.162352 0.0689765
2 0.118814 0.41365 0.0791812 0.0557562
2 0.373506 0.429782 0.0933643 0.0638283
2 0.381002 0.441446 0.0733219 0.0402546
2 0.655876 0.419615 0.135025 0.0551854
2 0.390258 0.444828 0.0520747 0.0342449
2 0.498579 0.402033 0.0562934 0.0358508
2 0.664769 0.374835 0.0575234 0.0246834
2 0.656516 0.429336 0.142064 0.0671564
