2 0.862534 0.734388 0.273866 0.0880482
2 0.182129 0.690472 0.314998 0.14535
2 0.801215 0.662917 0.280871 0.146888
2 0.284409 0.545165 0.19502 0.100917
2 0.726941 0.599417 0.240895 0.135747
2 0.179148 0.585125 0.266459 0.128946
2 0.683042 0.453435 0.178961 0.0872797
2 0.6019 0.401507 0.113458 0.0606134
2 0.755787 0.528358 0.218117 0.0865719
2 0.375288 0.427859 0.0926403 0.0657356
2 0.706803 0.496993 0.160575 0.0690756
2 0.709671 0.508607 0.165269 0.0633801
2 0.158144 0.769696 0.260048 0.0283203
2 0.378402 0.438458 0.0816094 0.0451609
2 0.12603 0.412209 0.0958043 0.056982
2 0.657059 0.412927 0.125945 0.0423344
