2 0.229724 0.716611 0.362983 0.122244
2 0.849959 0.679983 0.289846 0.144904
2 0.213297 0.617549 0.271225 0.124325
2 0.758873 0.603026 0.245892 0.129197
2 0.212414 0.532771 0.231592 0.0894171
2 0.70548 0.556604 0.216921 0.117741
2 0.29646 0.515366 0.189103 0.0936922
2 0.383664 0.419625 0.087193 0.0606227
2 0.756739 0.500191 0.19055 0.0800065
2 0.638376 0.411441 0.121946 0.0550859
2 0.126961 0.406374 0.0729499 0.0582057
2 0.684648 0.441687 0.17126 0.0802977
2 0.694861 0.475048 0.151987 0.0629192
2 0.762142 0.390165 0.064526 0.0226076
