2 0.300781 0.62099 0.284143 0.133971
2 0.781889 0.58481 0.246849 0.120798
2 0.172128 0.735001 0.342644 0.0863206
2 0.830047 0.735833 0.339907 0.083665
2 0.706669 0.540965 0.213608 0.10968
2 0.228273 0.552665 0.223727 0.102884
2 0.2501 0.495401 0.201882 0.0901732
2 0.658086 0.424351 0.159143 0.0784247
2 0.343858 0.477767 0.150962 0.0767625
2 0.38451 0.403126 0.0755393 0.055413
2 0.593641 0.40142 0.121583 0.0636223
2 0.717173 0.469488 0.197765 0.0731207
2 0.148172 0.401946 0.0809343 0.0565062
2 0.127824 0.407427 0.0467127 0.0316425
2 0.253547 0.482691 0.195163 0.065457
2 0.682244 0.444252 0.138538 0.046599
2 0.411207 0.388751 0.106847 0.0522167
