2 0.273024 0.66374 0.310631 0.147344
2 0.799854 0.619834 0.265537 0.132436
2 0.731244 0.564581 0.230994 0.118282
2 0.666017 0.428213 0.167326 0.076814
2 0.332196 0.494859 0.155127 0.0868325
2 0.238034 0.506467 0.21271 0.088767
2 0.224178 0.582765 0.248906 0.123037
2 0.22882 0.494461 0.187851 0.062413
2 0.386333 0.409436 0.0773307 0.0624308
2 0.729394 0.480222 0.18597 0.0736796
2 0.223075 0.555532 0.240376 0.0682711
2 0.591004 0.397825 0.111701 0.0559867
2 0.720529 0.517722 0.214557 0.0805328
2 0.139761 0.402475 0.0814387 0.0571936
2 0.713611 0.503024 0.194899 0.0540466
