2 0.252369 0.691624 0.329442 0.152798
2 0.818644 0.645039 0.276964 0.137342
2 0.214564 0.593137 0.268148 0.119147
2 0.746183 0.580123 0.236802 0.123991
2 0.226552 0.514832 0.207554 0.0798281
2 0.67153 0.434892 0.173189 0.0762647
2 0.314411 0.503756 0.174496 0.089217
2 0.730716 0.485887 0.20264 0.0699076
2 0.7026 0.542474 0.197726 0.111285
2 0.385809 0.416087 0.07848 0.0606585
2 0.135664 0.400817 0.0798768 0.0571882
2 0.800007 0.380452 0.0440973 0.019227
2 0.751015 0.388625 0.0518341 0.0204044
2 0.713903 0.523359 0.208262 0.0743793
2 0.641518 0.40742 0.108493 0.0457623
