2 0.245753 0.705084 0.339219 0.144203
2 0.830864 0.659189 0.294584 0.139366
2 0.750969 0.588915 0.236496 0.125058
2 0.211452 0.605605 0.273026 0.122428
2 0.212302 0.515948 0.240352 0.0757677
2 0.31081 0.507569 0.173317 0.091859
2 0.672148 0.436592 0.174895 0.0752195
2 0.748472 0.490326 0.189026 0.0745297
2 0.703389 0.547584 0.198761 0.111299
2 0.755991 0.388491 0.0593341 0.0222403
2 0.132225 0.405 0.0752104 0.0533329
2 0.385939 0.41818 0.0789447 0.0584441
2 0.641478 0.408473 0.107231 0.0488325
2 0.71364 0.531709 0.210354 0.0793303
2 0.590104 0.396999 0.116132 0.0530155
2 0.808162 0.379033 0.0426968 0.0214911
