2 0.256469 0.685492 0.322492 0.151459
2 0.813809 0.63865 0.273131 0.136248
2 0.740042 0.576694 0.229813 0.124204
2 0.214709 0.590915 0.26124 0.120502
2 0.225677 0.512171 0.212652 0.0821054
2 0.316737 0.502106 0.177053 0.0870279
2 0.671686 0.43236 0.171884 0.0743594
2 0.735198 0.484181 0.197559 0.0720142
2 0.220316 0.502613 0.193767 0.063121
2 0.706061 0.538833 0.193071 0.109014
2 0.135217 0.402336 0.0787065 0.0552904
2 0.713535 0.520853 0.212433 0.0751203
2 0.795566 0.380521 0.0431356 0.0182885
2 0.384445 0.410827 0.0817126 0.0657339
2 0.866195 0.379753 0.0409573 0.0198339
