2 0.300059 0.620425 0.281077 0.133964
2 0.172097 0.734699 0.337915 0.0871994
2 0.781262 0.584057 0.246573 0.121956
2 0.829421 0.735142 0.341157 0.0846262
2 0.706284 0.540416 0.211806 0.110524
2 0.22692 0.552373 0.222225 0.104155
2 0.24979 0.495761 0.202609 0.0933318
2 0.657778 0.424434 0.159052 0.0776627
2 0.337395 0.473445 0.158238 0.0707508
2 0.385294 0.404069 0.0751595 0.0573423
2 0.253284 0.481291 0.195082 0.0654898
2 0.602326 0.400758 0.138765 0.0632266
2 0.716049 0.469674 0.200438 0.0743246
2 0.149278 0.401585 0.079241 0.0550056
2 0.682515 0.444095 0.138559 0.0465224
