2 0.809805 0.631137 0.268951 0.132185
2 0.26227 0.678117 0.316823 0.149617
2 0.736006 0.571218 0.226898 0.11862
2 0.319937 0.499628 0.176525 0.0866203
2 0.66865 0.430132 0.170673 0.0753464
2 0.230806 0.516996 0.213308 0.0983507
2 0.218758 0.591244 0.253866 0.130596
2 0.734007 0.483756 0.201251 0.0748001
2 0.136305 0.402977 0.0812968 0.0557153
2 0.715628 0.532184 0.205841 0.104779
2 0.223043 0.501221 0.199316 0.0659006
2 0.713855 0.512232 0.201446 0.0626728
2 0.594421 0.397172 0.112118 0.0549637
