2 0.857014 0.701649 0.285972 0.147747
2 0.203132 0.729864 0.385622 0.0966356
2 0.765519 0.619074 0.259511 0.132103
2 0.207425 0.637238 0.277305 0.131912
2 0.294547 0.522976 0.183319 0.095816
2 0.716106 0.565165 0.219581 0.125
2 0.211645 0.539234 0.232381 0.0857712
2 0.751603 0.50613 0.202509 0.0807404
2 0.37967 0.420221 0.0933901 0.0640077
2 0.129014 0.405692 0.0802685 0.0616604
2 0.679302 0.443191 0.17691 0.0802147
2 0.642721 0.411091 0.12872 0.0522583
2 0.712979 0.488611 0.179643 0.06255
2 0.592011 0.397932 0.107316 0.0563792
