2 0.271133 0.665691 0.319846 0.147133
2 0.801769 0.621389 0.26651 0.133573
2 0.732108 0.565276 0.232995 0.117958
2 0.666579 0.429854 0.167746 0.0783458
2 0.32925 0.495428 0.162537 0.0873161
2 0.226509 0.582605 0.256846 0.121742
2 0.239556 0.508826 0.214336 0.0898923
2 0.229311 0.495465 0.189525 0.0613951
2 0.385994 0.409972 0.0792953 0.0627357
2 0.140363 0.40068 0.0814667 0.0522186
2 0.730885 0.48199 0.185959 0.0749748
2 0.714716 0.505649 0.205419 0.0575195
2 0.360156 0.516534 0.097522 0.0473286
2 0.59136 0.399068 0.11004 0.0578732
2 0.720514 0.519793 0.214133 0.0879034
