2 0.287291 0.638232 0.288299 0.141953
2 0.789649 0.599176 0.250595 0.124902
2 0.166745 0.749282 0.331423 0.0582867
2 0.717119 0.549397 0.214141 0.112072
2 0.860411 0.752404 0.275741 0.0507713
2 0.662257 0.427509 0.157165 0.0763188
2 0.225003 0.563376 0.235693 0.110722
2 0.244829 0.497152 0.203626 0.0844345
2 0.336758 0.486686 0.153917 0.0808487
2 0.143388 0.399528 0.0826907 0.0507083
2 0.244362 0.486187 0.191722 0.0619977
2 0.384458 0.404152 0.0739646 0.0576691
2 0.589539 0.401862 0.110921 0.063582
2 0.71785 0.47545 0.196871 0.0748388
2 0.725427 0.459692 0.163791 0.0425213
2 0.414814 0.391292 0.106455 0.0549843
