2 0.254041 0.697629 0.332835 0.152745
2 0.825803 0.64966 0.284416 0.139019
2 0.747432 0.583532 0.234227 0.125212
2 0.211026 0.596099 0.266057 0.114678
2 0.223065 0.518083 0.220372 0.0850359
2 0.670528 0.435189 0.172314 0.0775671
2 0.736969 0.48776 0.192266 0.071418
2 0.702482 0.545456 0.194862 0.111469
2 0.311624 0.504467 0.17079 0.089662
2 0.384959 0.415908 0.0818923 0.0620261
2 0.75278 0.388919 0.0531437 0.0198529
2 0.801862 0.380527 0.0441684 0.0196261
2 0.133586 0.402667 0.078902 0.0516213
2 0.391157 0.420495 0.0678851 0.0519218
2 0.592059 0.399058 0.120128 0.0577219
