2 0.224141 0.718524 0.366835 0.118237
2 0.851853 0.683631 0.29248 0.143267
2 0.761965 0.604545 0.251545 0.129656
2 0.208955 0.623053 0.269433 0.13062
2 0.210566 0.533686 0.23683 0.0888926
2 0.29403 0.51685 0.193721 0.0920184
2 0.706961 0.557974 0.211947 0.118254
2 0.383468 0.419839 0.0868266 0.0616801
2 0.755208 0.501428 0.193183 0.0779416
2 0.127884 0.407759 0.0748125 0.0553293
2 0.700431 0.476809 0.158182 0.063999
2 0.639876 0.409636 0.121101 0.0536831
2 0.67949 0.441641 0.174769 0.0784332
2 0.763104 0.389557 0.0630561 0.0229809
