2 0.170525 0.732497 0.338989 0.0926454
2 0.29932 0.617567 0.271402 0.132403
2 0.77915 0.581691 0.246204 0.121272
2 0.82699 0.73236 0.345875 0.0901241
2 0.704286 0.538566 0.204893 0.108237
2 0.231697 0.550198 0.220798 0.103151
2 0.254608 0.492773 0.19523 0.090369
2 0.345449 0.476089 0.146681 0.0809357
2 0.657143 0.423207 0.159091 0.077896
2 0.601363 0.400238 0.138407 0.0624015
2 0.384084 0.403857 0.0744612 0.0568271
2 0.151115 0.401454 0.0794301 0.0551699
2 0.715061 0.468751 0.200889 0.0727196
2 0.68529 0.444856 0.141721 0.0461716
2 0.338815 0.465681 0.154118 0.0602453
