2 0.271112 0.665662 0.320227 0.147096
2 0.801769 0.621284 0.266159 0.13345
2 0.732117 0.565255 0.232942 0.117994
2 0.666429 0.429984 0.167181 0.0778642
2 0.329246 0.495272 0.161105 0.0870604
2 0.226703 0.582494 0.257319 0.121679
2 0.238785 0.508486 0.215193 0.0892233
2 0.229139 0.495431 0.189914 0.0613216
2 0.386004 0.41002 0.0793362 0.0628738
2 0.139964 0.40129 0.0815489 0.0535625
2 0.731049 0.482028 0.186159 0.0748297
2 0.591395 0.399634 0.11134 0.0586166
2 0.360131 0.516586 0.096221 0.046595
2 0.713502 0.505866 0.202842 0.0578808
2 0.719795 0.519573 0.212492 0.0869797
2 0.321193 0.484658 0.172117 0.0632392
