2 0.300644 0.621051 0.283279 0.134099
2 0.172312 0.735055 0.343061 0.0861733
2 0.782271 0.585032 0.245882 0.120978
2 0.829798 0.735837 0.340404 0.0837243
2 0.70706 0.541017 0.213138 0.109335
2 0.227596 0.552996 0.223408 0.103968
2 0.250078 0.495864 0.201394 0.0908398
2 0.659046 0.42452 0.157939 0.0778549
2 0.344023 0.478218 0.150636 0.0768423
2 0.593045 0.40131 0.119005 0.0637307
2 0.384057 0.402848 0.0746596 0.0549944
2 0.717594 0.469852 0.196618 0.0731707
2 0.148278 0.40342 0.0806444 0.0590682
2 0.253726 0.480726 0.193745 0.0615437
2 0.12766 0.407198 0.046458 0.0323419
2 0.683274 0.44444 0.140742 0.0468149
