2 0.838963 0.711373 0.315006 0.133907
2 0.154888 0.731517 0.306651 0.0933366
2 0.271345 0.570427 0.218492 0.110745
2 0.754482 0.641974 0.284682 0.141804
2 0.153967 0.625574 0.287773 0.146876
2 0.685076 0.474495 0.176019 0.0983654
2 0.771646 0.546339 0.233282 0.0827484
2 0.715392 0.517874 0.171499 0.082349
2 0.688474 0.4581 0.177646 0.0670779
2 0.771263 0.563868 0.235126 0.116545
2 0.371479 0.4069 0.101856 0.056402
2 0.121663 0.415328 0.113304 0.0649622
2 0.665101 0.417797 0.132873 0.0465191
2 0.615961 0.404783 0.117875 0.0615429
2 0.382297 0.447314 0.0523275 0.0436138
2 0.618424 0.394624 0.10889 0.0414263
2 0.496212 0.401848 0.058136 0.0348626
2 0.664145 0.42842 0.13709 0.0630298
2 0.369691 0.43536 0.0875242 0.0668217
