2 0.299813 0.617534 0.273 0.132461
2 0.169973 0.73252 0.337827 0.0926788
2 0.827112 0.732354 0.345645 0.0901047
2 0.779627 0.581544 0.247051 0.121249
2 0.70369 0.538684 0.205801 0.107915
2 0.23142 0.550509 0.221834 0.103167
2 0.25448 0.49246 0.194411 0.0890636
2 0.345447 0.476824 0.147058 0.0822292
2 0.657142 0.423259 0.158871 0.0774722
2 0.600865 0.400351 0.136745 0.0625603
2 0.384395 0.403898 0.0746866 0.056466
2 0.1504 0.400994 0.0803609 0.0538123
2 0.714576 0.469205 0.201405 0.0737989
2 0.685627 0.444853 0.142014 0.0460547
2 0.709818 0.484404 0.192796 0.0506102
2 0.251653 0.477769 0.186277 0.0590332
