2 0.252808 0.700262 0.334325 0.150527
2 0.826456 0.653038 0.286378 0.137861
2 0.749853 0.58495 0.241292 0.124209
2 0.211327 0.599943 0.26151 0.118347
2 0.672711 0.43613 0.174099 0.0780471
2 0.218142 0.517667 0.223543 0.0820618
2 0.312082 0.505557 0.169954 0.0917769
2 0.743633 0.489899 0.204013 0.0753204
2 0.70116 0.54431 0.201392 0.109548
2 0.386791 0.417287 0.076752 0.0584624
2 0.58807 0.398264 0.115292 0.0554851
2 0.133704 0.401673 0.0773403 0.0556131
2 0.804439 0.380365 0.0437124 0.0203705
2 0.391778 0.423492 0.066885 0.0465682
2 0.752978 0.388697 0.0541585 0.0213001
2 0.642705 0.408222 0.106624 0.0481786
