2 0.861389 0.719957 0.277222 0.114239
2 0.790488 0.642926 0.281368 0.137793
2 0.177771 0.751517 0.316957 0.0547146
2 0.722366 0.585721 0.233083 0.127689
2 0.287091 0.535821 0.191369 0.101608
2 0.194291 0.665759 0.297256 0.136224
2 0.192613 0.567693 0.256267 0.121067
2 0.755866 0.521612 0.207543 0.0879532
2 0.596798 0.400424 0.110338 0.0608519
2 0.683374 0.445814 0.175136 0.0754979
2 0.703681 0.487439 0.152314 0.0704248
2 0.3743 0.421079 0.0954795 0.0705133
2 0.253855 0.44512 0.247804 0.135261
2 0.650606 0.414404 0.11361 0.0444654
2 0.410692 0.395108 0.102298 0.0513201
2 0.132047 0.411975 0.10077 0.0574245
2 0.651576 0.432324 0.134605 0.0737581
