2 0.273755 0.663666 0.311022 0.147135
2 0.799952 0.619869 0.265875 0.132591
2 0.731161 0.564561 0.23115 0.118231
2 0.665767 0.428117 0.167462 0.0770088
2 0.332244 0.494823 0.155174 0.0866211
2 0.238337 0.507485 0.214364 0.0910379
2 0.22402 0.583136 0.24818 0.12378
2 0.228831 0.494473 0.188568 0.0624649
2 0.38602 0.409368 0.0789988 0.0636234
2 0.729748 0.48055 0.185241 0.0743063
2 0.591457 0.398172 0.111823 0.056309
2 0.223075 0.555368 0.240038 0.0679276
2 0.720483 0.517614 0.214637 0.0801821
2 0.71347 0.502915 0.194666 0.0537987
2 0.139758 0.402251 0.0813903 0.0571376
