2 0.825079 0.691624 0.304358 0.150501
2 0.736459 0.619174 0.272611 0.139539
2 0.166117 0.712894 0.325146 0.128312
2 0.900931 0.755911 0.198137 0.0471138
2 0.166611 0.604766 0.27857 0.137092
2 0.278688 0.554424 0.212148 0.102763
2 0.711698 0.508415 0.164647 0.0773511
2 0.769471 0.54102 0.207646 0.0934253
2 0.683008 0.467465 0.176255 0.0983454
2 0.121556 0.415365 0.0927235 0.0586068
2 0.607141 0.403668 0.115099 0.0624386
2 0.3749 0.44308 0.0811917 0.0422517
2 0.658668 0.423565 0.133956 0.0605508
2 0.655137 0.432959 0.14056 0.0574933
2 0.246578 0.461557 0.255303 0.151933
2 0.389588 0.445263 0.048413 0.0386173
2 0.373959 0.400398 0.0984818 0.0424394
2 0.371353 0.431245 0.0940183 0.0659816
2 0.490187 0.399989 0.0714369 0.0392192
2 0.434378 0.401001 0.0442524 0.0379086
