2 0.249982 0.692601 0.325369 0.151706
2 0.820626 0.64552 0.276591 0.137563
2 0.213382 0.593271 0.271871 0.119085
2 0.745589 0.580709 0.236178 0.124184
2 0.22528 0.512021 0.207957 0.0742586
2 0.671374 0.434066 0.172825 0.0754223
2 0.72913 0.485402 0.200674 0.0689163
2 0.313242 0.503844 0.174246 0.0901946
2 0.70104 0.540351 0.197419 0.108845
2 0.385794 0.415654 0.0783876 0.0615097
2 0.800453 0.380762 0.0436798 0.0195948
2 0.751748 0.388527 0.0530251 0.0202878
2 0.135583 0.400917 0.0804461 0.057903
2 0.592439 0.397679 0.120598 0.0548936
2 0.64213 0.407641 0.108037 0.0447001
