2 0.220316 0.720988 0.373868 0.111411
2 0.85461 0.688356 0.290565 0.148838
2 0.763298 0.608212 0.252323 0.133382
2 0.208516 0.626108 0.267235 0.124681
2 0.29487 0.5184 0.185585 0.092918
2 0.210049 0.538479 0.234063 0.0951844
2 0.709946 0.560442 0.216162 0.121059
2 0.755412 0.503637 0.190886 0.0798021
2 0.38249 0.419812 0.0885978 0.0618929
2 0.126427 0.40832 0.0735429 0.0553632
2 0.700084 0.475883 0.152495 0.0622091
2 0.680725 0.442028 0.175963 0.0783274
2 0.64095 0.4098 0.120993 0.0527421
2 0.767018 0.387813 0.0706504 0.022242
2 0.565478 0.41 0.0430188 0.0364497
