2 0.245609 0.704114 0.336689 0.146134
2 0.830255 0.657154 0.294459 0.137712
2 0.749223 0.587415 0.235419 0.124165
2 0.210227 0.604002 0.270491 0.122872
2 0.21436 0.515262 0.234495 0.0756014
2 0.749124 0.490268 0.189272 0.0756813
2 0.675238 0.437661 0.171857 0.0767484
2 0.312423 0.506852 0.168272 0.0914667
2 0.701709 0.545345 0.199609 0.110003
2 0.754604 0.38884 0.0573542 0.0216682
2 0.13225 0.403263 0.0756803 0.0539003
2 0.643119 0.407679 0.104771 0.0484086
2 0.385574 0.41796 0.0792867 0.0583264
2 0.807077 0.379349 0.0435998 0.0212284
2 0.590351 0.397294 0.11248 0.0542937
2 0.712635 0.532388 0.212013 0.0826701
