2 0.218219 0.722969 0.375318 0.108947
2 0.855384 0.690226 0.289232 0.148231
2 0.765116 0.609921 0.254575 0.132784
2 0.207238 0.62908 0.26983 0.126437
2 0.212274 0.539339 0.239592 0.0951684
2 0.294777 0.51854 0.186707 0.0927576
2 0.711363 0.561026 0.216373 0.121343
2 0.755975 0.504703 0.191587 0.0809804
2 0.382099 0.419815 0.0888146 0.0621732
2 0.126866 0.409277 0.0728057 0.0550861
2 0.743361 0.59389 0.253183 0.0991547
2 0.699021 0.476467 0.14757 0.0617436
2 0.681182 0.440769 0.176938 0.0754813
2 0.640993 0.409505 0.121129 0.0513289
2 0.432587 0.402475 0.0524283 0.0352583
2 0.56572 0.409528 0.0437481 0.0379616
