2 0.808847 0.630061 0.26948 0.132218
2 0.265297 0.677084 0.319688 0.149205
2 0.735834 0.570427 0.22674 0.119225
2 0.32134 0.499289 0.17354 0.086885
2 0.668704 0.429766 0.169565 0.075113
2 0.217501 0.590686 0.253093 0.131313
2 0.232615 0.516204 0.210788 0.0989869
2 0.136264 0.402788 0.0816338 0.0572902
2 0.718256 0.530526 0.209507 0.103794
2 0.71445 0.512328 0.202564 0.065
2 0.732918 0.482681 0.194062 0.0736134
2 0.384754 0.411049 0.0815314 0.0656075
2 0.22527 0.500343 0.198096 0.0651512
2 0.593887 0.396962 0.10991 0.0546437
2 0.85959 0.380269 0.0448795 0.0198046
