2 0.862147 0.725775 0.275707 0.102776
2 0.7926 0.649963 0.276706 0.14546
2 0.191815 0.674753 0.307944 0.140076
2 0.726765 0.589633 0.241653 0.131208
2 0.285423 0.540139 0.194287 0.100545
2 0.165948 0.759245 0.299601 0.0423399
2 0.1873 0.579163 0.26036 0.128293
2 0.600919 0.401036 0.132668 0.0619024
2 0.685325 0.44859 0.171219 0.0818882
2 0.752975 0.52506 0.216777 0.0913017
2 0.702954 0.498429 0.152896 0.0726002
2 0.373823 0.422179 0.0969669 0.072814
2 0.406926 0.391918 0.111328 0.0575947
2 0.653207 0.431821 0.143622 0.0739064
2 0.652622 0.416575 0.126177 0.0533188
