2 0.287328 0.646382 0.298839 0.141077
2 0.793889 0.604595 0.256733 0.128529
2 0.140383 0.757107 0.277658 0.0443413
2 0.71853 0.555043 0.217911 0.114976
2 0.665785 0.427594 0.165823 0.078017
2 0.242228 0.501779 0.212406 0.0878355
2 0.222302 0.567354 0.239934 0.112041
2 0.332413 0.489444 0.160908 0.0844593
2 0.870091 0.76204 0.2592 0.0357348
2 0.14157 0.399139 0.0849325 0.0486075
2 0.585751 0.400347 0.113476 0.0595098
2 0.384857 0.403846 0.0747412 0.0576103
2 0.720533 0.478578 0.197095 0.0772609
2 0.233876 0.490667 0.19371 0.0633991
2 0.32705 0.477238 0.160474 0.0622586
2 0.725636 0.461279 0.167151 0.0424675
