2 0.245146 0.704115 0.336033 0.146104
2 0.829984 0.657351 0.293986 0.138047
2 0.749278 0.587471 0.235494 0.124155
2 0.2103 0.603975 0.270562 0.122993
2 0.213884 0.515066 0.234653 0.0750129
2 0.749366 0.490216 0.189566 0.0754417
2 0.312509 0.50702 0.168284 0.091827
2 0.675637 0.437104 0.171331 0.0757677
2 0.701675 0.545243 0.19957 0.109952
2 0.754361 0.388802 0.0562746 0.021291
2 0.642725 0.408068 0.106131 0.049038
2 0.13239 0.402985 0.075707 0.0538521
2 0.385635 0.418201 0.0789979 0.0579458
2 0.590429 0.397279 0.112911 0.0544485
2 0.807092 0.379385 0.0432892 0.0213107
2 0.712538 0.532304 0.211659 0.0825935
