2 0.184921 0.685721 0.316779 0.140711
2 0.863411 0.732696 0.272441 0.0911365
2 0.799717 0.66092 0.282566 0.146069
2 0.726022 0.595551 0.234406 0.136635
2 0.2845 0.543882 0.194611 0.100426
2 0.179457 0.583084 0.268035 0.130257
2 0.68234 0.449739 0.178372 0.0797762
2 0.599088 0.401748 0.113661 0.0619967
2 0.153911 0.765688 0.274589 0.0320498
2 0.753816 0.527105 0.218061 0.0863042
2 0.70485 0.504146 0.157409 0.0669444
2 0.375039 0.426557 0.093661 0.0667658
2 0.119964 0.412248 0.0773589 0.0596159
2 0.704848 0.492728 0.157505 0.0615196
2 0.376859 0.410227 0.0925957 0.0558294
2 0.656376 0.413235 0.124514 0.0437655
