2 0.861313 0.710184 0.277373 0.130643
2 0.780877 0.632942 0.278741 0.139516
2 0.199769 0.740408 0.357587 0.0742406
2 0.719925 0.574935 0.222888 0.126361
2 0.200647 0.651181 0.283448 0.135675
2 0.28993 0.529461 0.187705 0.0956518
2 0.705763 0.487594 0.156556 0.0706766
2 0.7614 0.517318 0.187285 0.0917728
2 0.201688 0.558158 0.250355 0.114151
2 0.59618 0.400125 0.108973 0.060397
2 0.680673 0.444378 0.17907 0.0760272
2 0.375925 0.417175 0.0987266 0.0788225
2 0.127413 0.40796 0.0789683 0.0573713
2 0.652179 0.413921 0.119397 0.0427322
2 0.252416 0.440913 0.23676 0.129465
2 0.421009 0.397626 0.0768388 0.0464542
