2 0.290007 0.641332 0.295104 0.140666
2 0.791679 0.601431 0.25168 0.125909
2 0.150592 0.752487 0.296537 0.0519198
2 0.717945 0.552115 0.213701 0.110739
2 0.66417 0.428587 0.161025 0.0782197
2 0.222695 0.564969 0.234554 0.111254
2 0.333915 0.488257 0.159586 0.0835009
2 0.242604 0.496354 0.206247 0.0820003
2 0.864873 0.756973 0.269198 0.0439917
2 0.143528 0.399455 0.0826034 0.050517
2 0.38477 0.405012 0.0752963 0.0603155
2 0.725883 0.460388 0.161596 0.0418732
2 0.236902 0.486886 0.190906 0.0610897
2 0.587815 0.402172 0.107978 0.0630668
2 0.711147 0.497435 0.195596 0.0569796
2 0.717911 0.478263 0.197363 0.0783819
