2 0.837169 0.708905 0.317476 0.136664
2 0.1548 0.729602 0.306837 0.0958794
2 0.753713 0.639434 0.272054 0.140882
2 0.271041 0.568909 0.218639 0.11045
2 0.155273 0.623173 0.288054 0.144832
2 0.770758 0.558776 0.233776 0.111194
2 0.685862 0.473522 0.177062 0.0991798
2 0.688237 0.457253 0.17637 0.0670927
2 0.714077 0.517903 0.172832 0.0813816
2 0.124372 0.414109 0.113115 0.0658873
2 0.614471 0.404863 0.118245 0.0620747
2 0.664535 0.417966 0.13264 0.0471637
2 0.371139 0.406887 0.0985611 0.0568892
2 0.383277 0.447247 0.0514248 0.0425547
2 0.496453 0.40209 0.0582533 0.0347842
2 0.370002 0.434431 0.0883824 0.0671606
2 0.616402 0.396554 0.110302 0.0453914
2 0.66273 0.429433 0.138919 0.0644958
