2 0.255715 0.685626 0.3214 0.151811
2 0.81385 0.63853 0.273021 0.136024
2 0.739992 0.576696 0.229458 0.124186
2 0.21472 0.590798 0.261088 0.119926
2 0.226191 0.512844 0.21213 0.0835514
2 0.316701 0.502234 0.176861 0.0873502
2 0.671924 0.432669 0.171515 0.0740495
2 0.22199 0.502661 0.194538 0.063434
2 0.735438 0.483978 0.196971 0.0713575
2 0.70597 0.538764 0.192798 0.109087
2 0.135184 0.40239 0.0786588 0.0553214
2 0.796002 0.380602 0.04291 0.0182104
2 0.713586 0.52086 0.212507 0.0751635
2 0.384476 0.410877 0.0819316 0.0662853
2 0.866095 0.37948 0.0408369 0.0197259
