2 0.861531 0.710568 0.276939 0.131636
2 0.780268 0.632995 0.277641 0.139461
2 0.198837 0.74024 0.352982 0.0742779
2 0.719389 0.574993 0.222351 0.12639
2 0.200637 0.651121 0.283654 0.135525
2 0.290165 0.529277 0.187847 0.0954836
2 0.705406 0.487552 0.156651 0.0707058
2 0.761493 0.517336 0.18763 0.0917133
2 0.202778 0.558295 0.248456 0.114311
2 0.595938 0.400064 0.109411 0.0603668
2 0.680842 0.444657 0.179217 0.0765656
2 0.127384 0.408055 0.0791056 0.0573771
2 0.372937 0.417441 0.102974 0.0719001
2 0.651202 0.413957 0.119066 0.0429176
2 0.253129 0.44096 0.238017 0.129737
2 0.422294 0.39769 0.073623 0.0465076
