2 0.783701 0.587943 0.245747 0.121138
2 0.294189 0.624559 0.278785 0.134904
2 0.171907 0.737758 0.341155 0.0783383
2 0.828166 0.740147 0.339601 0.074072
2 0.225369 0.555825 0.228125 0.106868
2 0.708693 0.540025 0.212991 0.115269
2 0.250387 0.495168 0.199142 0.0872958
2 0.344425 0.481651 0.147912 0.080426
2 0.658585 0.425682 0.158684 0.0788
2 0.716999 0.471375 0.198079 0.07475
2 0.587709 0.401313 0.112918 0.0639359
2 0.384153 0.402919 0.0729338 0.0549701
2 0.126761 0.410096 0.0476424 0.0346493
2 0.248608 0.479001 0.189079 0.055992
2 0.411271 0.388922 0.108465 0.0529568
2 0.561671 0.403568 0.066132 0.0577152
