2 0.82831 0.700633 0.306856 0.15539
2 0.163076 0.71885 0.326007 0.116064
2 0.74654 0.625077 0.25315 0.140977
2 0.164774 0.611309 0.278854 0.140849
2 0.275339 0.558617 0.212019 0.110167
2 0.764963 0.551512 0.230642 0.108219
2 0.712785 0.511822 0.165632 0.0786571
2 0.684046 0.470135 0.177577 0.0980904
2 0.607364 0.404203 0.115693 0.0624266
2 0.912134 0.763662 0.175731 0.035826
2 0.125225 0.41624 0.10393 0.0585908
2 0.658762 0.421839 0.137725 0.0600965
2 0.372447 0.432044 0.0890103 0.0658749
2 0.37332 0.402821 0.10052 0.0481527
2 0.37372 0.442888 0.0809887 0.0469959
2 0.387753 0.446357 0.0504257 0.0409646
2 0.65725 0.43262 0.14198 0.0598459
