2 0.163345 0.720096 0.325181 0.114993
2 0.831825 0.701594 0.31195 0.153734
2 0.746277 0.62652 0.255873 0.14003
2 0.162939 0.612799 0.280909 0.142131
2 0.272965 0.559589 0.215167 0.111058
2 0.762902 0.553343 0.233747 0.107737
2 0.712606 0.512985 0.166263 0.0807682
2 0.685117 0.47074 0.178025 0.0986832
2 0.607417 0.404246 0.115853 0.0625823
2 0.125489 0.41642 0.104327 0.0580715
2 0.65967 0.421802 0.136025 0.0600378
2 0.372348 0.439035 0.0851351 0.0551857
2 0.914572 0.765206 0.168732 0.0327349
2 0.373594 0.403408 0.10073 0.049087
2 0.385483 0.445597 0.0562066 0.0428549
2 0.492259 0.401605 0.0703213 0.036399
2 0.105372 0.421835 0.0625005 0.0469252
2 0.657766 0.43277 0.142128 0.0595343
