2 0.836757 0.66753 0.291293 0.141954
2 0.235057 0.708675 0.357177 0.135891
2 0.753127 0.593791 0.23941 0.12768
2 0.21317 0.610542 0.266638 0.121884
2 0.215444 0.522569 0.233618 0.0827713
2 0.298889 0.510159 0.189149 0.0924643
2 0.708013 0.546568 0.205943 0.107814
2 0.749098 0.494578 0.190682 0.079289
2 0.674741 0.437923 0.174945 0.0758017
2 0.384227 0.419044 0.0845291 0.0584654
2 0.6375 0.409006 0.120056 0.0502308
2 0.131415 0.405575 0.0760673 0.0571596
2 0.695606 0.472305 0.150597 0.0556298
2 0.759009 0.390516 0.0629605 0.0220352
