2 0.163281 0.722457 0.322676 0.107885
2 0.832285 0.703176 0.312623 0.149117
2 0.272049 0.563075 0.217825 0.11138
2 0.746188 0.630577 0.263931 0.142751
2 0.163095 0.617201 0.27979 0.14324
2 0.766418 0.555094 0.234988 0.106357
2 0.685002 0.472967 0.175742 0.096538
2 0.71429 0.515933 0.174539 0.0809895
2 0.610097 0.404058 0.122513 0.060392
2 0.68835 0.458196 0.174924 0.0689108
2 0.659562 0.430987 0.146116 0.0616392
2 0.662121 0.420072 0.137689 0.0555667
2 0.383242 0.446403 0.0576447 0.0431444
2 0.124561 0.416657 0.103851 0.0611307
2 0.707885 0.502024 0.169267 0.0575317
2 0.371977 0.443533 0.0828201 0.0482757
2 0.371068 0.433128 0.090941 0.0670433
2 0.373342 0.403966 0.102564 0.0500765
