2 0.838526 0.710674 0.316403 0.135152
2 0.154352 0.730726 0.306714 0.0935478
2 0.755759 0.641509 0.281141 0.141228
2 0.271461 0.570022 0.218465 0.110509
2 0.154502 0.624393 0.287121 0.145712
2 0.767809 0.54181 0.234306 0.0774046
2 0.68523 0.474335 0.176615 0.0985384
2 0.715116 0.517935 0.171146 0.0826096
2 0.771303 0.558082 0.23336 0.10688
2 0.688354 0.457778 0.177357 0.0672501
2 0.665121 0.41768 0.132723 0.0463406
2 0.614998 0.404824 0.117486 0.0615782
2 0.124067 0.413578 0.111999 0.066798
2 0.371676 0.406985 0.100737 0.0569198
2 0.383216 0.447465 0.0509904 0.0425392
2 0.617341 0.395759 0.108535 0.0438402
2 0.496341 0.401774 0.0578393 0.0345987
2 0.664018 0.427308 0.137001 0.0607586
