2 0.209585 0.726443 0.385508 0.100076
2 0.856215 0.69835 0.28757 0.147658
2 0.763964 0.616014 0.253972 0.134835
2 0.207657 0.633499 0.275382 0.130379
2 0.295525 0.520288 0.181882 0.0939019
2 0.718806 0.563769 0.227005 0.124143
2 0.213356 0.536009 0.226579 0.0846373
2 0.752487 0.50676 0.198956 0.0834045
2 0.38109 0.420306 0.0906355 0.0645114
2 0.127804 0.40734 0.0773724 0.0582246
2 0.679544 0.441066 0.178301 0.0768753
2 0.640367 0.409618 0.121314 0.0499925
2 0.700381 0.476827 0.146494 0.0682018
2 0.708622 0.488293 0.171486 0.0619368
