2 0.287321 0.646286 0.298543 0.140956
2 0.79393 0.604661 0.256421 0.128511
2 0.140327 0.757074 0.277583 0.044381
2 0.718466 0.555012 0.217916 0.115168
2 0.665933 0.427504 0.165508 0.0780867
2 0.242349 0.502098 0.212584 0.0886172
2 0.222167 0.567268 0.239817 0.111876
2 0.332338 0.489527 0.160746 0.0847233
2 0.870041 0.762137 0.259294 0.0355523
2 0.14158 0.39915 0.0848304 0.0485936
2 0.584796 0.400325 0.115235 0.0585986
2 0.384823 0.404096 0.0743023 0.0578081
2 0.720488 0.478284 0.197129 0.0767021
2 0.327645 0.477748 0.159505 0.0624896
2 0.233771 0.49051 0.193376 0.0632714
