2 0.860999 0.718494 0.278001 0.116955
2 0.786084 0.641155 0.276554 0.140508
2 0.198853 0.663314 0.291863 0.135784
2 0.723768 0.584666 0.230485 0.127852
2 0.179189 0.750437 0.321774 0.0574961
2 0.287291 0.534909 0.190152 0.100462
2 0.192211 0.569622 0.258005 0.127153
2 0.596699 0.400326 0.109819 0.0610035
2 0.755885 0.520206 0.207174 0.0854933
2 0.704229 0.487146 0.151013 0.06845
2 0.682486 0.44493 0.179995 0.0753552
2 0.373962 0.419888 0.0969372 0.0706706
2 0.253136 0.444589 0.250761 0.134509
2 0.127417 0.40827 0.0897811 0.062376
2 0.410868 0.394778 0.101277 0.0519873
2 0.650341 0.415085 0.114628 0.0443996
