2 0.235271 0.711468 0.35593 0.132312
2 0.838399 0.671371 0.295278 0.144083
2 0.756759 0.59671 0.244083 0.128156
2 0.214449 0.61271 0.266263 0.122297
2 0.214155 0.529374 0.2361 0.0940987
2 0.707475 0.547573 0.208705 0.10816
2 0.301163 0.511893 0.181741 0.093507
2 0.748923 0.495513 0.190677 0.0800766
2 0.384213 0.419369 0.0854617 0.0591561
2 0.636373 0.409552 0.122389 0.0522386
2 0.677544 0.441006 0.179583 0.0803854
2 0.13182 0.407449 0.0790956 0.0526387
2 0.759814 0.390068 0.0642281 0.0220752
2 0.694087 0.470989 0.148946 0.0587254
2 0.212237 0.518725 0.208676 0.0732926
2 0.714186 0.474962 0.188615 0.0544779
