2 0.85823 0.704407 0.283541 0.142305
2 0.200995 0.733013 0.385187 0.0883403
2 0.767738 0.622483 0.273656 0.133955
2 0.718458 0.567354 0.22264 0.122112
2 0.204977 0.640896 0.278912 0.132212
2 0.209955 0.553305 0.233736 0.111815
2 0.293618 0.524817 0.181408 0.0971048
2 0.680078 0.448767 0.176149 0.0936354
2 0.753595 0.510026 0.199143 0.083444
2 0.374949 0.419569 0.100663 0.0650824
2 0.593877 0.398332 0.11378 0.057961
2 0.713932 0.487842 0.178733 0.0645128
2 0.129003 0.408602 0.082582 0.0552578
2 0.645164 0.409964 0.128932 0.0492286
2 0.686088 0.440437 0.163477 0.0659216
