2 0.862677 0.72825 0.274646 0.100165
2 0.795228 0.652285 0.281393 0.145584
2 0.187554 0.678239 0.311088 0.140863
2 0.728617 0.590841 0.240462 0.131394
2 0.285249 0.541252 0.195585 0.101995
2 0.18476 0.580865 0.261416 0.129344
2 0.162517 0.76272 0.295628 0.0374612
2 0.601407 0.40133 0.132849 0.0619452
2 0.751102 0.523317 0.21977 0.0855281
2 0.683102 0.448083 0.176999 0.0775817
2 0.703082 0.501532 0.152797 0.0710228
2 0.374266 0.425041 0.0950024 0.0685463
2 0.654585 0.412108 0.120501 0.0451872
2 0.125841 0.40833 0.0883174 0.0656481
