2 0.840154 0.714161 0.314344 0.127349
2 0.153485 0.734799 0.303935 0.0859658
2 0.270446 0.57271 0.219975 0.111475
2 0.153336 0.629352 0.286197 0.146882
2 0.754775 0.646262 0.278347 0.146373
2 0.766329 0.548012 0.231724 0.0824682
2 0.683857 0.474825 0.174959 0.0991613
2 0.68805 0.457334 0.175134 0.0655117
2 0.71706 0.518461 0.170133 0.0806568
2 0.615393 0.404976 0.116719 0.0614705
2 0.369719 0.407544 0.105993 0.0574615
2 0.665567 0.418296 0.134574 0.0473775
2 0.124385 0.412245 0.113465 0.0630456
2 0.617873 0.396642 0.109577 0.0450126
2 0.66429 0.429282 0.140029 0.0660741
2 0.495563 0.40234 0.0574146 0.0348386
