2 0.855716 0.700481 0.288569 0.147764
2 0.20687 0.728613 0.388944 0.0988679
2 0.76564 0.617449 0.25594 0.133036
2 0.207344 0.635776 0.276739 0.132121
2 0.294193 0.521697 0.183878 0.0951558
2 0.720064 0.564429 0.230185 0.123312
2 0.211372 0.53916 0.234984 0.0876061
2 0.750137 0.503531 0.195495 0.0761592
2 0.380693 0.419714 0.0917114 0.0633357
2 0.679752 0.442167 0.177528 0.0794415
2 0.127725 0.40807 0.0781172 0.0557248
2 0.642779 0.410375 0.126914 0.0502481
2 0.711185 0.489647 0.176144 0.0607595
2 0.593047 0.397421 0.106395 0.0552441
