2 0.82875 0.700057 0.305613 0.156777
2 0.163064 0.717932 0.325862 0.116742
2 0.74298 0.624534 0.261203 0.140076
2 0.164489 0.610556 0.279825 0.140729
2 0.27627 0.558379 0.210698 0.10982
2 0.760829 0.550186 0.232178 0.104491
2 0.712851 0.510931 0.165392 0.0788676
2 0.607389 0.403987 0.1145 0.0621075
2 0.683562 0.469489 0.177046 0.09834
2 0.124998 0.416652 0.102846 0.0576242
2 0.911556 0.762525 0.176887 0.0380177
2 0.658992 0.422557 0.137251 0.061701
2 0.373542 0.402745 0.100397 0.0480663
2 0.372281 0.431649 0.0888178 0.0656767
2 0.374312 0.443515 0.0798179 0.0448152
2 0.388207 0.445961 0.0499174 0.0408422
2 0.657634 0.432716 0.142773 0.0602898
