2 0.29058 0.640182 0.295666 0.14151
2 0.790998 0.600936 0.250756 0.124989
2 0.716196 0.549112 0.212725 0.111095
2 0.154688 0.751103 0.307372 0.0549643
2 0.663318 0.427854 0.160018 0.0781893
2 0.224011 0.563883 0.237815 0.111066
2 0.862605 0.755267 0.273291 0.0475775
2 0.242574 0.497487 0.208171 0.0839399
2 0.33468 0.487267 0.157885 0.0822374
2 0.143319 0.40005 0.0841715 0.0492454
2 0.242419 0.486878 0.194362 0.0621559
2 0.384577 0.405278 0.0753291 0.0608295
2 0.725955 0.459591 0.161947 0.0414257
2 0.588595 0.402201 0.110445 0.0634714
2 0.714969 0.470585 0.193543 0.0651489
