2 0.784581 0.59037 0.244845 0.124284
2 0.292803 0.628173 0.287353 0.135666
2 0.169658 0.739828 0.338549 0.0729012
2 0.710853 0.544177 0.214349 0.112226
2 0.829377 0.74272 0.337456 0.0673458
2 0.225361 0.557838 0.231762 0.109287
2 0.246358 0.497361 0.204753 0.0887998
2 0.658462 0.426901 0.153326 0.0781868
2 0.342789 0.482936 0.148057 0.081818
2 0.716044 0.473258 0.199843 0.0756769
2 0.385058 0.403505 0.0725098 0.0568234
2 0.587477 0.401622 0.109386 0.0640731
2 0.124063 0.410664 0.0470039 0.0331217
2 0.411713 0.388974 0.108805 0.0535152
