2 0.818599 0.684158 0.296321 0.149083
2 0.168388 0.709333 0.32349 0.136435
2 0.168403 0.597601 0.27616 0.137879
2 0.281588 0.552668 0.200679 0.103122
2 0.736612 0.614819 0.263624 0.141574
2 0.889533 0.750006 0.2201 0.0586625
2 0.766729 0.53738 0.211594 0.0899273
2 0.715783 0.509249 0.173082 0.0761181
2 0.684134 0.463284 0.179834 0.0957004
2 0.6058 0.403251 0.114887 0.0625614
2 0.123904 0.415012 0.0947903 0.0575485
2 0.371857 0.430551 0.0936319 0.0647409
2 0.374107 0.438539 0.0844902 0.0476851
2 0.657251 0.429857 0.144359 0.0602507
2 0.489392 0.400104 0.0741248 0.0391937
2 0.4328 0.401013 0.0447774 0.0380334
2 0.374251 0.401133 0.0978239 0.0446397
2 0.389089 0.443974 0.0515405 0.0377914
2 0.247554 0.457233 0.256581 0.145571
2 0.109036 0.418423 0.0647708 0.0511779
2 0.661335 0.412568 0.129002 0.0426375
