2 0.244943 0.705474 0.345788 0.142997
2 0.833023 0.660009 0.29732 0.140515
2 0.752235 0.589405 0.239101 0.126105
2 0.211943 0.606174 0.274531 0.121871
2 0.211509 0.517205 0.23788 0.0782716
2 0.308796 0.508142 0.175327 0.0923878
2 0.67529 0.437079 0.172657 0.0758719
2 0.703615 0.548199 0.199472 0.112029
2 0.74793 0.489529 0.191531 0.0729218
2 0.756452 0.38873 0.0610821 0.0216551
2 0.641465 0.407662 0.108251 0.047432
2 0.131819 0.404538 0.0758775 0.0546091
2 0.38644 0.418998 0.0779809 0.0579024
2 0.714133 0.531991 0.213134 0.0797074
2 0.59196 0.396467 0.111325 0.0514271
