2 0.828709 0.700033 0.305541 0.156754
2 0.163206 0.717945 0.326045 0.116774
2 0.742572 0.624557 0.261602 0.139985
2 0.164814 0.610611 0.279755 0.140921
2 0.276427 0.558335 0.210866 0.109824
2 0.760578 0.550417 0.233262 0.104777
2 0.712664 0.51122 0.165944 0.0781736
2 0.607556 0.404156 0.114666 0.0622213
2 0.683843 0.46972 0.176503 0.0977722
2 0.124675 0.416671 0.102832 0.0578043
2 0.911613 0.762513 0.176775 0.0380063
2 0.658638 0.422603 0.137973 0.0617576
2 0.373013 0.441448 0.08293 0.0490165
2 0.37375 0.40061 0.0991659 0.044175
2 0.372655 0.431721 0.0886009 0.0656412
2 0.387261 0.445842 0.0518472 0.041243
2 0.657373 0.433426 0.143364 0.0608308
