2 0.164049 0.721581 0.324332 0.111312
2 0.82861 0.702489 0.309215 0.150749
2 0.747008 0.628986 0.256589 0.140454
2 0.273124 0.561843 0.217159 0.111311
2 0.162502 0.615374 0.27911 0.142334
2 0.766162 0.556757 0.234326 0.110842
2 0.714083 0.515269 0.172606 0.0797388
2 0.685637 0.472388 0.177156 0.0967878
2 0.608165 0.403869 0.119626 0.0607673
2 0.688945 0.45762 0.174563 0.0691159
2 0.709366 0.502754 0.168698 0.0591112
2 0.662655 0.419959 0.134957 0.0563615
2 0.124691 0.416905 0.104989 0.0610613
2 0.383438 0.446368 0.057741 0.0427765
2 0.659643 0.431461 0.144297 0.0597046
2 0.373335 0.44429 0.0801761 0.0463362
2 0.371672 0.43307 0.0904889 0.06707
2 0.373333 0.403779 0.102014 0.0503336
