2 0.164846 0.721012 0.32617 0.112989
2 0.830603 0.702169 0.316228 0.152245
2 0.74666 0.6281 0.255195 0.139916
2 0.163143 0.614107 0.27887 0.141988
2 0.771703 0.55542 0.230706 0.110668
2 0.273666 0.560791 0.214721 0.111271
2 0.713601 0.515352 0.172326 0.0801923
2 0.685198 0.47173 0.176278 0.0974873
2 0.608176 0.4037 0.118922 0.0609438
2 0.688458 0.457536 0.173825 0.0708999
2 0.709895 0.503441 0.169026 0.0620739
2 0.38396 0.446139 0.0577391 0.0428223
2 0.125471 0.416948 0.106747 0.0598621
2 0.662777 0.419547 0.133176 0.0553875
2 0.659319 0.431838 0.140726 0.0571884
2 0.373419 0.443986 0.0807997 0.0465825
2 0.37202 0.432838 0.0898371 0.067016
2 0.373074 0.40362 0.101475 0.0496582
