2 0.307344 0.911972 0.201886 0.165197
2 0.388013 0.707273 0.154588 0.23298
2 0.962316 0.372668 0.0745314 0.117735
2 0.697847 0.914252 0.224682 0.166971
2 0.656295 0.643782 0.137615 0.214752
2 0.909618 0.35095 0.0726063 0.107943
2 0.614572 0.568114 0.115118 0.19057
2 0.348844 0.588148 0.121696 0.181197
2 0.868282 0.330643 0.0628563 0.108702
2 0.361459 0.487015 0.11062 0.160287
2 0.988636 0.426382 0.0221169 0.147418
2 0.413109 0.457214 0.0823074 0.14415
2 0.588172 0.362991 0.089928 0.137998
2 0.954174 0.297432 0.0500711 0.0385697
2 0.552253 0.324461 0.0663166 0.11183
2 0.303326 0.326766 0.0450117 0.101208
2 0.815931 0.314377 0.0631718 0.092328
2 0.434726 0.328521 0.0415048 0.100191
2 0.620535 0.444473 0.113263 0.129276
2 0.815248 0.327532 0.0587904 0.0685818
2 0.60458 0.401945 0.0796695 0.0813348
